13.0889 28.044 0 0 0 0.848618 0.529006
13.1933 27.2671 0 0 0 0.998186 0.0601996
14.732 25.8851 0 0 0 0.934969 -0.354729
14.6219 21.4431 0 0 0 0.980332 0.197356
14.0847 17.3006 0 0 0 0.812526 0.582925
14.1051 17.2481 0 0 0 0.989255 -0.146197
14.3247 17.2149 0 0 0 0.221058 0.975261
16.6335 17.3617 0 0 0 -0.350501 0.936562
19.8415 16.7693 0 0 0 0.961099 -0.276203
18.5172 12.5813 0 0 0 0.956634 0.291292
17.7867 11.3628 0 0 0 0.968616 -0.248562
18.1354 6.33613 0 0 0 0.242632 0.970118
17.7307 5.96808 0 0 0 0.894349 0.447371
15.969 6.21059 0 0 0 0.891621 -0.452782
11.1877 6.05759 0 0 0 0.940155 -0.340748
5.91019 5.70244 0 0 0 0.998745 0.0500773
19.2911 5.82688 0 0 0 -0.209586 0.97779
22.756 5.382 0 0 0 0.24569 0.969348
26.2364 5.95857 0 0 0 -0.331072 0.943606
29.7459 5.69938 0 0 0 0.321212 0.947007
33.002 5.84132 0 0 0 -0.258683 0.965962
34.4557 5.80765 0 0 0 0.956005 -0.293349
21.5211 17.109 0 0 0 0.404266 0.914642
18.8968 17.5024 0 0 0 -0.245069 0.969506
23.9896 17.6042 0 0 0 0.257338 0.966321
27.8832 17.2858 0 0 0 -0.388444 0.921472
29.4501 16.9883 0 0 0 0.251843 0.967768
32.0908 17.3387 0 0 0 -0.292024 0.956411
33.5714 16.9747 0 0 0 0.296212 0.955122
36.0361 16.9521 0 0 0 -0.44625 0.894908
36.0062 15.1558 0 0 0 0.901266 -0.433265
36.0217 11.0534 0 0 0 -0.831986 0.554797
35.7227 10.3431 0 0 0 -0.191097 0.981571
36.1597 11.2886 0 0 0 0.454199 0.8909
35.8877 13.8711 0 0 0 0.338259 0.941053
36.2743 16.7791 0 0 0 0.999823 0.018808
21.2482 17.4633 0 0 0 0.660988 0.750396
21.1983 24.0426 0 0 0 -0.00964828 0.999953
20.9986 29.3016 0 0 0 -0.105164 0.994455
19.2211 24.5627 0 0 0 -0.759737 0.65023
18.6647 28.7128 0 0 0 0.657309 0.753621
18.3843 28.7836 0 0 0 0.947373 0.320132
19.5689 29.1387 0 0 0 0.15285 0.988249
22.096 29.7983 0 0 0 0.694623 0.719374
21.3981 29.3858 0 0 0 0.112878 0.993609
28.2619 30.4364 0 0 0 0.369487 0.929236
28.0209 33.8184 0 0 0 0.285345 0.958425
30.1714 36.9355 0 0 0 -0.0107357 0.999942
32.6525 34.5518 0 0 0 0.918051 -0.396463
33.2564 31.9061 0 0 0 0.914427 -0.40475
33.8981 32.7723 0 0 0 -0.0150051 0.999887
33.7525 33.1405 0 0 0 0.591985 0.805949
21.727 39.7412 0 0 0 0.327311 0.944917
21.9855 39.385 0 0 0 -0.089774 0.995962
26.5882 35.7094 0 0 0 0.993197 0.116443
20.6127 39.2446 0 0 0 0.925844 0.377906
19.5162 39.5705 0 0 0 0.942796 -0.333371
16.2238 39.2033 0 0 0 -0.825434 0.564499
12.3021 39.0091 0 0 0 -0.69378 0.720187
12.4105 39.8805 0 0 0 0.674035 0.738699
13.5436 39.924 0 0 0 0.53812 0.842868
21.3444 40.1147 0 0 0 0.59239 0.805652
22.3508 41.0033 0 0 0 0.0559301 0.998435
26.74 41.243 0 0 0 0.705882 0.708329
28.178 41.5678 0 0 0 0.688145 0.725573
31.523 41.5418 0 0 0 -0.143593 0.989637
34.9752 41.378 0 0 0 0.379886 0.925033
34.8897 41.3125 0 0 0 -0.397598 0.91756
34.2673 41.1026 0 0 0 -0.767916 0.640551
39.0373 41.4 0 0 0 0.213395 0.976966
41.6438 41.5486 0 0 0 0.519455 0.854498
42.8224 41.3619 0 0 0 -0.498567 0.866851
42.666 41.5077 0 0 0 0.517235 0.855844
47.0919 41.6977 0 0 0 0.985213 0.171332
46.7969 41.8375 0 0 0 0.985369 -0.170434
48.033 42.0835 0 0 0 0.938315 0.345782
47.5744 41.9194 0 0 0 -0.506156 0.862442
47.6429 38.7181 0 0 0 0.937086 -0.3491
47.1814 37.3097 0 0 0 -0.437016 0.899454
47.0405 35.5624 0 0 0 0.943485 -0.331416
47.5521 34.5162 0 0 0 -0.469477 0.882945
46.9843 33.8379 0 0 0 0.918031 -0.396508
47.1204 32.7344 0 0 0 0.879219 0.476418
44.3686 32.8308 0 0 0 0.937475 0.348053
40.5336 32.6882 0 0 0 0.227343 0.973815
47.5985 32.7796 0 0 0 0.879697 -0.475535
47.5415 31.5444 0 0 0 0.00949017 0.999955
49.5172 29.9069 0 0 0 -0.190949 0.9816
50.3998 29.0272 0 0 0 -0.828072 0.560622
49.7767 29.6164 0 0 0 0.999829 0.0184882
51.117 27.5762 0 0 0 -0.146141 0.989264
51.4638 25.959 0 0 0 0.988779 -0.149386
51.2778 24.6969 0 0 0 -0.412103 0.911137
51.5106 22.8541 0 0 0 0.97501 -0.222161
51.3717 21.7013 0 0 0 -0.0136975 0.999906
51.5204 20.061 0 0 0 -0.331494 0.943457
51.368 19.5679 0 0 0 0.977943 -0.208873
51.3592 15.8801 0 0 0 -0.211056 0.977474
51.1695 14.1322 0 0 0 -0.1155 0.993307
51.563 12.1082 0 0 0 -0.103755 0.994603
51.4169 10.5461 0 0 0 -0.129102 0.991631
51.4215 9.10789 0 0 0 -0.164733 0.986338
50.9061 7.00914 0 0 0 -0.341668 0.939821
50.3363 6.60176 0 0 0 0.939679 -0.342056
47.0943 6.05556 0 0 0 0.31988 0.947458
46.5003 6.74046 0 0 0 0.961215 -0.275801
46.355 6.28089 0 0 0 0.836218 0.548397
