13.918 28.137 -2.173
14.121 28.026 -2.093
12.734 28.642 3.122
12.889 28.274 -3.117
12.306 25.675 -0.169
14.988 24.729 -1.730
16.711 28.566 -1.791
19.006 28.762 -0.470
20.187 28.921 -0.157
21.542 24.216 -1.433
21.668 19.463 -1.582
19.707 16.383 -1.906
16.598 17.091 -1.483
13.664 17.220 -1.563
18.306 12.389 -1.695
19.933 5.539 -0.436
26.823 5.405 0.098
32.288 5.554 0.314
14.188 5.481 3.121
9.685 5.483 3.122
5.698 5.812 3.124
24.027 17.378 -0.067
30.962 16.816 -3.081
34.811 16.887 3.070
36.371 16.639 -1.526
36.250 11.888 -1.505
24.775 29.669 0.050
28.216 30.431 0.103
28.550 30.542 0.148
28.687 31.006 -0.019
32.080 30.532 0.498
33.858 32.570 1.631
33.762 35.663 2.282
27.684 34.475 1.258
30.769 35.179 1.466
38.228 32.937 -0.019
42.104 32.976 0.096
45.713 32.962 -0.019
47.553 33.707 1.638
47.601 37.150 1.542
47.539 39.962 1.619
48.900 41.705 2.987
44.474 41.548 -3.084
40.478 41.332 3.123
36.660 41.357 3.122
33.231 41.226 3.122
29.505 41.298 -3.131
24.820 41.239 -3.097
22.469 40.343 -2.158
19.076 39.144 3.123
16.669 39.038 3.084
12.344 39.325 2.914
47.416 31.684 -0.692