17.7794 26.5706 0 0 0 0 1
16.0585269928 24.793088913 0.0 0.0 0.0 -0.311775500854 0.950155796208
16.7554035187 27.8549251556 0.0 0.0 0.0 0.0685043857185 0.997650815234
16.6323223114 27.9207286835 0.0 0.0 0.0 -0.696337177512 0.71771480075
18.1760654449 27.9928398132 0.0 0.0 0.0 -0.795551700777 0.605885708192
20.2227630615 28.0165538788 0.0 0.0 0.0 0.963598886393 -0.267352176243
20.3921470642 26.3450565338 0.0 0.0 0.0 0.997387450882 0.0722376136365
19.9023075104 25.0123939514 0.0 0.0 0.0 0.883691770896 0.468069283388
18.9414482117 24.6914558411 0.0 0.0 0.0 0.738069708596 0.674724466174
17.3644657135 24.5268535614 0.0 0.0 0.0 0.447496422859 0.894285721416
