32 32
88

8 14 7 7 1
9 11
15 92 158 102 211 218 78 158 73
15 81 140 84 173 180 49 155 74
12 88 160 11 114 90 67 172 88
80 65 200 179 135 123 187 156 48
255 145 11 105 108 108 77 18 135
255 255 255 201 149 149 201 255 255
164 248 255 255 255 243 255 230 121
22 61 112 135 125 97 103 60 89
60 26 36 31 37 37 45 49 61
93 81 53 31 7 8 5 28 40
37 54 58 51 52 59 59 63 54

13 11 7 7 0
10 7
90 86 90 99 93 108 135 159 63 6
101 94 105 104 118 132 129 145 63 3
74 67 94 59 57 128 137 137 51 1
68 47 83 42 23 112 137 112 33 3
116 77 98 80 75 135 126 89 36 21
139 120 117 137 132 140 109 70 63 24
151 148 149 164 134 109 92 67 43 14

3 10 7 7 0
15 8
33 14 147 230 195 193 185 178 114 24 98 190 167 182 180
25 33 203 204 194 182 181 174 133 50 96 182 177 177 176
15 37 221 187 185 177 173 175 171 96 89 177 175 172 173
8 44 204 181 180 178 175 172 178 98 82 185 167 174 178
4 43 188 179 163 176 174 164 175 97 79 180 165 168 176
3 21 168 176 168 172 168 168 178 97 81 180 173 169 178
16 19 116 171 169 169 168 169 172 113 88 170 171 172 175
22 35 73 149 176 162 159 178 179 136 119 180 172 167 177

20 8 7 7 1
6 4
73 52 45 28 75 28
251 35 40 19 75 42
255 82 17 17 75 47
255 148 4 11 72 46

10 10 7 7 0
6 9
112 174 210 223 226 221
78 90 136 185 213 229
98 102 100 92 182 225
191 217 199 85 142 216
175 214 224 109 132 222
92 140 179 67 146 222
117 76 86 95 188 210
204 150 122 171 223 229
243 242 229 242 242 230

15 4 7 7 0
5 12
44 40 117 116 55
132 66 55 105 129
249 216 132 25 123
242 250 228 128 68
234 246 244 224 92
230 231 241 246 172
221 225 217 241 222
229 220 226 230 235
225 223 226 222 243
216 205 224 229 239
222 220 221 223 225
222 218 214 217 201

9 22 7 7 0
14 4
12 11 11 11 10 9 8 8 9 11 14 16 18 19
17 16 15 14 14 13 12 12 13 14 17 18 20 20
20 19 18 17 16 15 15 15 16 17 18 19 20 20
22 21 20 18 17 17 17 17 18 18 18 19 19 20

8 5 7 7 1
5 7
255 240 255 255 240
106 71 93 193 255
73 122 140 107 5
122 164 182 226 191
146 144 87 165 214
113 90 60 36 157
118 93 101 50 123

15 5 7 7 0
10 6
64 63 65 66 53 31 28 32 43 45
70 57 55 67 63 42 26 29 41 45
81 61 49 55 63 63 32 29 37 42
89 74 54 42 54 79 40 30 32 38
89 90 70 35 39 80 50 32 29 36
81 95 85 39 29 69 60 37 28 35

14 3 6 7 0
13 10
106 154 212 226 198 109 19 12 18 46 37 44 40
114 84 97 163 226 215 138 59 16 40 40 47 37
240 191 151 92 135 211 230 142 37 22 34 39 44
244 249 239 203 106 76 230 218 124 11 22 39 45
254 246 245 254 191 96 131 195 194 22 12 29 45
243 248 247 248 246 217 37 105 233 59 23 32 34
207 251 243 251 242 238 86 70 214 172 54 9 44
206 250 253 246 240 243 171 85 152 220 69 7 37
241 250 250 246 247 246 212 99 109 229 95 8 22
235 249 243 248 250 244 221 103 93 229 77 12 34

3 13 7 7 0
13 9
14 50 97 112 115 112 108 100 83 74 79 94 112
20 41 86 111 108 110 114 90 60 69 91 112 113
18 36 74 107 115 109 97 79 78 90 100 108 108
20 39 62 93 105 115 105 64 39 50 72 95 110
25 41 56 76 96 110 105 79 62 48 61 83 103
27 32 55 75 85 100 109 111 104 101 105 100 106
26 20 53 77 80 82 87 108 118 117 116 100 90
32 29 28 42 82 89 84 71 65 75 71 63 52
36 40 20 26 42 55 67 61 46 35 27 21 22

16 0 5 7 1
12 12
254 99 10 99 131 90 56 21 56 19 2 27
255 255 229 9 110 145 138 52 37 22 19 26
200 255 255 255 61 85 152 130 52 33 26 14
247 37 255 255 255 80 74 143 104 26 16 6
86 245 90 249 255 255 93 77 123 66 7 15
255 23 196 124 171 255 255 25 103 97 36 16
255 255 122 203 142 238 255 146 47 105 66 20
119 255 255 58 255 68 255 242 28 87 99 28
169 202 255 255 136 217 111 255 101 52 120 56
255 17 255 255 135 208 53 243 159 19 118 82
246 87 175 255 255 117 169 156 187 15 95 93
192 95 84 255 255 50 217 127 176 32 66 91

23 3 5 7 1
5 6
11 7 2 8 1
7 14 13 9 2
53 19 13 10 3
88 48 11 10 3
79 69 8 10 6
37 81 27 9 2

8 0 7 7 0
13 13
11 9 8 7 5 9 18 19 37 38 49 49 46
41 66 71 72 67 58 40 15 15 23 35 37 45
159 193 205 200 206 201 158 106 62 23 17 29 34
187 167 163 172 209 236 231 222 192 108 36 11 17
71 47 29 50 90 117 153 214 236 222 149 53 19
146 152 154 151 129 107 81 110 189 233 214 165 45
232 234 245 243 231 217 177 144 138 151 220 226 165
239 248 245 246 246 249 245 221 181 143 148 212 223
237 231 244 247 250 243 249 250 234 215 137 133 221
243 215 237 240 245 246 249 253 251 248 185 60 159
245 223 244 245 228 243 252 254 255 242 211 83 63
249 225 232 248 216 232 247 246 236 254 243 185 28
246 224 232 249 202 231 251 251 247 251 245 234 52

3 11 7 7 0
15 9
217 240 241 240 242 246 224 232 249 202 231 251 251 247 251
226 244 237 241 243 243 222 235 245 207 232 250 252 240 250
193 235 236 241 244 245 223 234 249 229 242 250 252 246 254
144 221 242 238 241 248 222 229 251 248 242 246 251 249 248
146 212 243 235 234 244 220 226 245 243 224 237 248 249 245
190 210 229 235 233 238 223 227 240 239 218 239 243 246 248
207 213 212 231 234 239 229 229 241 245 227 244 239 235 245
165 225 211 222 222 241 229 231 236 244 235 234 239 232 222
98 179 221 224 215 225 229 228 233 244 240 234 219 179 113

7 0 7 7 1
15 4
35 97 143 171 186 188 179 147 120 90 13 76 108 101 71
130 152 173 190 207 242 255 255 255 255 255 143 8 77 128
41 68 113 96 75 82 117 100 194 247 255 255 255 136 49
79 174 230 193 145 150 112 47 82 70 59 255 255 255 194

3 11 7 7 0
8 12
4 18 42 57 59 52 44 20
4 18 39 53 56 45 33 10
3 17 37 50 54 40 20 3
2 15 36 50 51 37 14 1
3 16 36 52 50 30 10 1
4 16 34 51 52 31 19 15
4 17 34 52 56 43 38 38
7 18 32 50 55 50 47 48
5 13 22 36 41 39 37 37
3 8 15 22 26 24 22 19
3 6 9 11 13 14 12 9
5 5 4 4 4 5 4 3

2 10 7 7 0
15 13
0 10 28 49 57 49 36 18 4 13 25 16 7 25 42
0 8 26 46 55 50 43 31 12 7 12 10 14 34 46
0 5 22 44 54 51 48 44 24 6 1 7 21 42 50
1 4 20 41 53 53 51 52 37 13 1 10 26 43 52
1 4 19 40 53 55 52 51 45 26 13 20 33 45 54
2 6 20 39 53 56 53 50 49 38 30 35 42 46 50
2 8 21 40 53 57 54 50 48 44 43 47 49 45 42
1 10 24 34 44 47 40 39 38 32 33 33 30 28 25
0 3 14 22 30 31 24 22 20 14 16 15 12 11 11
0 3 11 16 20 19 13 10 9 6 7 7 3 1 1
1 3 7 11 11 9 6 4 3 3 3 4 4 3 2
4 3 4 7 5 2 3 1 1 3 3 4 6 5 4
9 9 8 11 9 6 8 5 5 9 9 11 12 10 9

9 0 7 7 0
15 9
22 25 19 33 26 26 14 21 19 35 42 41 49 41 46
81 111 124 123 115 102 41 36 16 13 28 33 46 43 47
186 187 192 200 194 205 164 116 67 20 16 17 30 40 44
145 121 109 123 135 187 203 210 184 109 41 13 17 32 39
65 85 84 78 99 135 123 145 205 212 145 71 7 21 31
154 191 201 204 198 184 152 120 141 197 222 165 37 8 19
225 227 229 229 229 232 214 203 173 162 174 214 108 54 15
223 227 216 208 232 240 227 232 225 172 149 204 177 106 19
228 223 124 159 232 233 230 235 231 222 180 181 210 144 38

8 22 7 6 1
10 5
58 54 55 52 56 58 53 44 45 39
29 27 26 24 24 23 18 13 17 13
5 4 4 3 3 8 10 3 6 4
11 9 6 4 4 5 12 10 6 4
10 6 2 0 3 4 5 10 11 10

8 17 7 6 0
14 10
92 91 85 40 38 71 88 91 99 100 104 37 4 9
99 89 102 83 92 97 96 97 99 103 104 37 4 9
61 64 70 74 73 70 66 67 74 79 81 32 1 10
0 0 3 5 7 9 8 11 15 14 18 11 1 4
2 1 3 2 2 4 4 4 4 3 4 9 5 0
10 8 9 7 9 11 10 8 4 4 2 4 2 3
41 39 39 37 34 34 34 33 31 29 29 28 23 25
49 47 46 45 48 50 51 51 51 49 52 55 54 51
49 48 47 46 48 49 50 50 51 49 49 52 52 50
48 48 47 46 47 47 47 48 49 49 49 48 48 49

3 6 7 7 0
14 7
5 15 61 59 55 56 55 53 51 52 52 51 51 52
1 12 101 117 105 107 108 103 97 99 101 99 99 101
3 14 101 100 87 81 85 88 95 92 89 86 84 87
4 11 92 95 66 22 31 46 74 84 55 32 28 52
6 13 92 100 62 15 3 18 68 79 38 3 2 42
8 15 91 96 82 34 0 32 79 83 49 9 16 61
8 17 95 94 92 55 6 26 73 81 41 3 41 86

1 12 7 7 0
13 6
1 6 26 14 56 102 96 97 32 6 68 36 12
0 2 24 5 57 107 92 94 65 15 30 16 33
1 3 28 3 54 106 93 91 83 40 2 10 58
0 3 29 4 52 106 93 83 92 67 13 29 79
1 2 27 7 53 108 96 89 97 90 63 73 95
3 2 24 10 55 113 105 101 92 87 93 94 84

0 1 7 7 1
12 7
10 24 18 92 125 112 100 97 82 80 84 73
12 10 71 137 96 36 16 1 21 26 22 26
5 4 99 127 7 75 70 53 17 13 9 12
3 6 101 111 46 83 27 46 60 79 87 115
5 6 107 111 64 55 27 141 225 211 221 230
4 3 104 109 60 24 50 252 170 92 31 29
5 7 103 105 54 6 93 222 66 189 203 205

18 7 7 7 0
7 11
238 42 184 251 83 19 36
244 50 174 238 72 12 34
245 55 161 254 90 19 31
251 69 130 245 80 13 30
249 88 133 249 89 17 29
249 99 127 249 82 12 29
248 114 108 244 85 9 20
250 130 101 252 92 10 16
245 127 87 249 86 5 22
252 149 72 248 91 3 19
247 138 77 246 84 11 18

0 14 7 7 1
14 6
4 22 85 69 37 15 128 166 2 54 121 165 9 71
5 12 89 82 42 10 103 173 21 28 60 153 105 48
9 3 81 84 30 19 100 168 30 24 24 105 158 99
5 1 75 76 19 10 93 168 44 26 10 55 153 147
7 5 79 76 19 23 88 156 59 33 24 33 106 131
3 10 75 72 23 34 82 137 87 17 22 37 61 56

14 5 6 7 0
13 14
14 22 20 22 26 18 10 3 11 47 44 45 50
49 55 54 62 45 13 7 2 9 43 43 45 48
86 84 88 98 70 9 6 5 8 43 45 45 46
79 82 84 94 77 11 11 6 6 42 43 44 45
76 78 85 91 75 11 12 5 6 40 42 43 45
84 76 85 90 75 13 12 6 6 40 42 43 45
66 77 78 87 80 22 19 8 7 41 42 43 45
35 74 76 87 82 23 21 8 6 42 44 44 45
13 68 83 89 82 16 17 3 3 45 47 46 45
1 37 75 85 82 18 11 3 3 45 47 47 46
7 11 65 91 84 19 16 3 3 45 47 47 46
11 4 50 86 80 20 20 3 3 45 47 47 47
52 45 64 91 85 25 16 3 3 45 47 47 47
93 96 94 90 82 25 16 7 4 41 50 48 47

8 0 7 7 0
15 5
70 69 69 72 79 82 79 79 84 79 78 79 81 81 78
68 62 59 60 61 66 77 89 95 88 83 79 78 79 80
30 22 22 22 16 20 43 65 75 71 74 82 87 84 74
4 8 11 14 17 17 22 25 19 23 36 58 78 86 81
25 38 41 56 79 98 98 64 39 23 9 23 37 69 97

0 15 7 7 0
5 10
28 21 0 19 26
29 20 0 23 36
31 20 1 29 38
33 18 1 36 47
31 20 1 25 73
27 24 6 4 32
25 26 17 6 4
26 26 23 21 21
28 27 25 26 27
31 30 28 29 29

12 4 7 7 0
12 13
249 240 243 252 251 255 254 253 224 53 14 33
252 247 250 252 249 254 249 246 249 172 11 27
251 247 249 250 252 250 244 222 251 208 7 29
251 247 251 253 251 246 244 170 248 208 6 43
255 223 127 230 251 249 243 158 252 193 14 39
246 247 84 231 254 244 246 189 252 182 9 37
245 214 175 248 253 250 245 212 249 187 12 41
242 138 236 250 252 254 242 219 253 154 8 45
193 177 254 249 252 251 222 243 253 140 9 46
95 245 251 250 249 255 234 254 251 79 14 43
219 254 251 250 250 250 210 254 253 76 12 48
255 247 245 248 250 253 208 246 252 75 13 50
252 242 243 252 252 254 196 246 253 56 14 57

2 15 7 7 0
15 5
79 134 170 252 251 255 251 253 248 251 250 251 254 253 250
94 137 206 247 255 252 254 252 254 254 254 254 252 253 251
119 159 228 249 253 250 254 250 251 254 247 239 251 246 252
131 154 224 241 245 252 248 219 171 164 154 137 213 239 249
77 65 75 85 93 103 117 127 61 51 116 150 200 223 237

19 7 6 7 1
8 8
200 138 255 224 77 146 55 27
100 232 179 255 72 140 109 12
255 199 86 255 210 82 139 52
255 91 182 123 255 8 129 67
255 255 167 16 255 85 122 87
255 255 107 124 240 119 119 107
250 255 30 170 224 136 106 102
212 255 29 155 193 132 96 93

7 16 7 6 1
13 11
120 34 153 120 167 134 73 82 131 118 70 78 106
118 52 87 102 118 73 34 26 35 33 75 107 97
131 120 53 30 28 22 21 53 84 125 120 95 120
144 147 140 137 114 86 115 146 145 124 86 109 112
123 121 111 125 130 107 141 139 108 76 77 92 12
16 71 90 102 104 82 95 85 71 64 47 19 115
124 49 19 61 72 69 72 53 23 33 91 139 115
151 150 108 56 31 28 35 67 100 138 144 99 22
70 118 129 117 114 121 139 143 130 107 65 13 14
9 31 51 59 67 72 65 50 29 13 5 7 14
17 13 4 2 8 14 15 16 15 12 15 11 8

6 0 7 7 0
13 12
75 56 38 16 18 15 9 22 15 10 11 11 25
55 29 5 32 84 121 137 150 132 93 65 21 3
17 17 71 160 226 226 208 211 218 207 174 107 54
18 111 198 228 209 110 66 67 136 212 214 183 142
105 225 230 154 78 80 101 111 167 214 212 188 150
216 228 153 59 163 200 234 240 230 235 234 192 147
223 155 175 168 226 233 236 232 237 241 236 231 212
160 126 214 233 239 240 238 202 239 233 237 240 240
101 189 238 234 238 229 184 76 232 222 241 240 228
103 235 235 238 233 241 153 73 169 239 241 240 239
166 238 239 241 246 194 124 179 86 222 236 231 240
221 235 235 239 243 154 145 235 132 142 241 238 239

15 11 7 7 0
9 9
88 199 240 236 246 241 120 19 50
124 151 225 237 238 241 99 38 54
226 111 162 233 241 243 79 85 48
142 114 74 209 241 220 95 140 38
55 77 61 198 234 194 140 164 30
201 184 196 231 220 179 199 117 18
238 235 236 224 197 202 219 43 21
236 232 228 202 213 241 161 4 40
232 224 212 221 233 199 44 23 61

5 10 7 7 1
10 4
207 255 80 14 19 191 189 203 188 231
255 255 11 14 32 243 72 255 109 255
255 255 5 13 166 255 107 214 31 255
255 255 2 10 255 205 212 136 58 133

7 11 7 7 0
15 6
237 239 154 131 236 238 142 167 238 246 234 241 181 9 199
242 207 132 198 233 239 195 105 235 241 242 239 190 13 184
241 157 172 233 212 240 227 150 182 236 238 239 183 16 183
236 95 139 208 230 231 218 173 97 239 240 243 186 8 196
229 145 151 217 240 234 193 81 24 210 235 241 184 66 211
237 227 220 237 240 240 224 170 148 225 240 245 206 153 218

9 3 7 7 1
12 15
44 20 7 2 19 33 66 83 97 88 59 29
50 42 17 6 12 21 21 19 60 101 104 60
78 73 46 19 39 60 72 76 55 31 97 71
65 80 63 41 72 90 95 98 118 28 83 86
30 55 34 26 41 51 31 38 87 36 74 103
33 62 28 20 33 51 35 86 95 34 48 93
13 58 37 30 37 36 27 79 48 17 34 87
41 54 53 14 55 21 57 66 13 16 30 88
69 16 74 44 58 20 74 43 8 8 48 100
71 33 48 49 26 47 56 11 7 20 66 85
59 77 23 24 34 66 38 3 10 35 67 56
35 91 69 51 78 64 19 13 23 51 65 42
6 60 67 61 64 17 24 45 59 67 57 38
64 36 18 17 23 49 69 73 78 62 44 36
95 67 58 57 56 87 77 63 59 42 30 23

6 0 7 7 0
12 7
35 16 16 8 20 19 13 17 10 17 24 23
25 14 12 9 8 8 17 15 12 7 12 21
6 11 19 48 63 82 107 95 64 64 32 8
22 73 112 184 208 205 218 220 208 193 156 73
83 187 217 241 225 213 214 213 232 241 245 202
204 240 234 214 173 199 202 188 166 200 224 249
233 230 228 224 210 236 236 239 223 205 222 218

0 17 7 7 0
15 8
26 31 29 19 21 91 224 161 117 236 240 243 250 247 251
20 32 22 18 19 32 180 174 173 225 239 243 245 249 249
20 15 23 21 14 13 65 122 196 238 225 219 247 247 247
20 14 24 20 16 11 15 53 113 201 122 117 186 202 204
19 20 22 19 18 14 7 10 32 82 32 25 43 56 52
17 19 19 20 20 19 16 9 9 19 9 8 12 24 23
15 16 17 19 21 23 10 13 5 8 9 13 10 11 13
17 16 16 17 20 22 10 22 13 10 11 10 11 8 17

4 10 7 7 0
5 14
232 220 250 248 252
199 184 246 249 251
140 158 245 249 247
107 141 244 249 246
120 127 241 249 251
130 118 239 249 252
140 110 251 249 246
161 117 236 240 243
174 173 225 239 243
122 196 238 225 219
53 113 201 122 117
10 32 82 32 25
9 9 19 9 8
13 5 8 9 13

0 13 7 7 0
10 8
4 8 8 22 33 43 37 12 4 19
8 11 9 19 32 37 34 16 6 12
10 12 9 17 28 30 35 30 19 16
11 8 11 16 22 25 34 35 31 33
11 10 12 16 18 24 33 33 31 34
11 11 14 16 15 25 32 31 31 35
11 13 14 14 13 22 28 30 31 30
11 14 14 11 12 17 21 27 28 20

16 13 7 7 0
8 7
227 246 244 221 33 217 231 124
255 245 252 237 39 189 236 120
255 249 254 236 44 183 238 121
240 253 253 217 29 209 226 113
249 250 244 205 80 204 168 62
246 250 234 210 183 179 96 19
238 242 234 227 198 124 61 15

2 8 7 7 0
14 13
8 25 18 26 61 105 131 133 133 128 97 88 114 128
17 21 9 45 104 132 129 117 108 96 47 35 86 121
23 17 15 95 124 129 117 123 100 71 26 33 63 101
20 14 31 127 120 119 112 122 85 45 53 58 29 77
13 15 61 133 115 116 116 103 61 39 96 98 34 51
9 18 83 130 110 116 113 75 36 70 114 126 71 21
8 20 90 124 113 116 98 53 46 94 121 111 87 43
9 21 84 119 119 104 67 40 74 83 99 89 87 69
15 22 73 114 119 85 33 32 55 74 79 84 67 46
17 24 59 109 122 80 33 38 46 83 105 97 68 36
11 26 56 88 114 110 84 76 99 109 116 109 91 80
2 17 44 65 90 114 116 114 123 111 111 116 114 120
2 5 26 48 60 79 95 113 123 119 121 126 126 119

1 11 7 7 0
7 13
3 20 14 31 127 120 119
10 13 15 61 133 115 116
18 9 18 83 130 110 116
14 8 20 90 124 113 116
4 9 21 84 119 119 104
0 15 22 73 114 119 85
4 17 24 59 109 122 80
2 11 26 56 88 114 110
3 2 17 44 65 90 114
18 2 5 26 48 60 79
41 15 3 9 19 23 37
64 39 14 4 2 3 13
78 58 33 19 10 12 11

3 10 7 7 0
11 13
46 12 47 112 117 113 111 100 57 75 96
41 15 66 120 115 113 112 78 48 86 115
42 17 78 120 112 109 99 57 67 102 113
37 15 77 116 115 106 76 47 89 108 103
31 13 72 111 117 96 57 45 78 86 89
31 18 69 107 112 78 34 36 56 73 94
27 34 62 101 107 80 51 56 82 102 109
24 39 56 80 104 108 97 97 106 109 110
13 34 47 59 83 102 112 117 120 117 113
3 16 34 45 54 68 93 110 120 123 120
11 3 15 29 31 32 43 61 72 79 76
37 4 2 13 16 15 19 27 32 38 33
68 39 13 4 5 11 19 18 21 24 26

6 7 7 7 0
7 12
114 135 131 129 134 126 119
119 117 109 109 117 111 112
72 61 77 114 109 113 114
16 22 50 73 96 86 65
31 25 43 55 78 50 35
67 31 53 88 83 65 65
91 38 39 91 95 101 75
101 66 32 62 98 98 40
90 95 55 40 89 67 20
96 104 74 39 40 25 38
103 107 91 58 20 21 69
92 103 106 90 53 59 90

1 13 7 7 0
13 12
10 10 32 46 91 109 101 115 97 51 65 73 42
26 7 36 46 68 96 101 106 108 86 42 29 53
47 18 25 57 59 71 102 108 112 107 61 35 79
64 42 13 41 71 69 81 91 106 114 100 90 104
65 64 34 2 44 69 65 56 76 98 107 117 120
55 57 58 31 18 25 38 50 41 46 63 65 63
58 57 59 59 42 23 10 19 27 30 23 17 21
59 60 61 59 57 48 33 21 16 11 8 7 7
60 60 60 57 61 62 54 50 40 25 21 20 14
60 60 59 59 58 57 57 59 57 53 51 51 51
61 61 62 61 59 58 59 59 61 61 57 55 57
61 62 61 55 60 65 62 58 56 56 58 62 65

22 11 7 7 0
4 9
198 196 44 11
150 191 47 18
99 197 53 6
91 187 49 4
112 188 44 3
159 164 40 11
163 85 16 16
127 31 10 23
64 12 22 39

14 2 7 7 0
8 6
144 121 67 21 8 23 45 61
196 197 182 114 68 24 9 39
71 96 182 201 185 107 19 13
152 108 141 166 177 183 119 46
229 212 200 178 168 182 186 116
228 236 230 230 205 186 198 160

11 3 7 7 0
14 15
58 43 60 72 111 157 165 116 74 17 18 47 60 60
105 107 112 90 92 131 156 169 152 70 12 19 48 61
218 230 227 230 203 167 146 134 172 144 53 9 25 55
222 225 228 221 219 221 204 161 158 172 114 22 17 40
195 132 220 233 230 223 222 202 169 146 123 51 9 26
149 68 181 220 226 222 225 219 204 109 72 100 23 18
92 181 100 200 220 228 227 231 218 139 38 120 24 10
116 224 97 160 217 224 225 229 228 182 33 82 24 5
211 224 194 102 178 225 227 223 232 191 50 43 27 6
220 220 220 108 93 222 224 221 232 184 65 30 31 9
212 224 219 196 118 186 230 230 221 187 46 34 21 8
168 223 171 179 133 88 228 234 219 183 39 44 21 11
160 214 167 122 80 43 210 222 221 150 50 67 17 19
217 226 224 198 181 161 220 228 191 152 95 41 7 29
226 223 224 226 227 226 225 180 183 168 107 31 13 41

9 4 7 7 1
7 6
68 208 255 255 255 255 255
255 255 216 153 138 210 255
127 57 46 23 12 17 35
106 125 85 25 25 115 196
255 255 172 65 115 255 255
64 199 133 55 106 219 185

13 11 7 7 0
10 11
181 236 160 168 233 225 235 178 60 64
229 211 127 188 223 233 234 199 110 42
220 121 170 214 229 226 233 216 129 34
208 71 202 235 230 228 233 223 124 41
173 140 218 228 228 227 227 206 117 50
89 189 231 224 230 225 224 180 135 74
94 218 232 231 230 233 200 164 158 77
191 230 222 233 222 190 160 166 152 37
224 231 228 211 172 122 170 154 86 14
215 192 174 118 80 109 182 83 21 31
93 70 55 30 60 121 85 27 22 49

1 2 7 7 0
12 13
73 68 55 28 13 32 67 131 183 204 210 209
68 51 21 4 51 121 194 227 192 173 145 154
54 22 15 43 135 184 174 123 53 66 61 67
30 14 34 126 165 126 132 127 123 169 181 191
12 22 106 166 140 137 190 224 229 228 231 235
12 47 146 166 166 204 218 229 229 227 232 225
19 72 82 122 206 230 230 221 219 227 229 232
30 50 26 146 211 234 197 141 195 195 231 228
34 22 42 195 226 229 190 40 191 145 186 222
33 16 47 208 232 231 213 132 158 205 193 227
27 16 50 208 228 231 228 218 65 206 225 228
27 14 51 213 230 231 228 230 118 168 232 221
30 23 46 202 236 234 222 228 206 115 191 231

6 3 7 7 0
15 6
31 72 109 117 156 194 190 142 91 46 23 17 58 44 71
126 160 151 103 75 124 195 232 236 187 104 21 18 41 67
175 168 168 153 106 72 61 85 166 224 223 157 18 26 35
188 215 226 227 233 206 152 99 70 131 222 232 141 55 20
223 230 228 230 230 227 224 222 166 186 222 210 229 152 47
237 213 229 212 224 228 225 221 225 240 201 151 216 239 119

14 16 7 7 0
12 10
96 99 102 88 93 101 78 45 34 30 17 56
96 94 94 99 97 85 56 48 35 15 39 66
97 94 98 98 78 50 43 43 23 22 62 68
98 97 82 63 42 34 37 26 21 53 69 65
55 45 40 38 38 33 18 20 52 69 70 67
27 25 27 27 24 17 26 48 70 66 71 71
24 26 21 15 20 35 62 70 63 66 66 67
7 12 25 36 58 66 66 68 69 72 69 71
42 51 59 62 67 68 68 71 72 76 72 75
67 69 69 67 68 69 71 72 70 72 72 74

9 10 7 7 0
8 11
83 88 103 194 177 117 202 167
71 199 180 212 208 214 201 109
99 162 225 223 220 236 168 121
206 57 206 226 231 214 125 177
227 142 79 212 230 184 123 218
227 216 40 166 214 140 169 228
222 226 150 119 162 121 206 226
224 230 229 115 49 124 227 226
224 228 229 205 166 212 222 221
228 222 229 229 230 216 223 202
214 218 222 224 218 221 183 169

12 18 7 6 0
14 9
104 104 100 109 105 89 55 41 26 17 1 6 40 40
104 107 104 100 82 60 48 46 20 3 0 14 51 46
85 86 71 50 32 22 24 16 4 2 17 39 47 44
31 24 14 8 5 5 10 3 4 14 31 47 44 43
14 12 10 13 12 4 3 4 18 36 48 52 48 44
7 7 3 3 4 6 13 27 39 49 50 44 46 43
15 16 14 19 26 35 44 42 49 52 50 45 41 40
43 43 47 46 47 49 46 45 45 45 45 45 43 43
51 47 49 49 49 51 47 44 44 44 44 44 43 43

9 1 7 7 1
12 11
58 53 98 131 148 158 127 58 21 15 57 243
239 255 255 255 255 255 255 247 99 24 24 107
255 255 196 171 126 147 255 255 255 139 66 16
120 30 54 43 22 3 67 211 255 255 241 119
8 37 35 13 5 4 5 39 160 255 255 255
9 24 32 25 17 16 0 27 29 72 255 255
7 21 22 29 36 38 27 11 30 32 94 252
21 8 13 19 23 21 14 32 34 12 37 118
28 16 24 31 30 17 15 24 29 23 25 66
27 23 10 20 16 26 22 13 23 41 48 66
13 29 25 23 6 17 31 37 38 46 46 56

6 0 7 7 1
14 6
42 107 208 255 255 255 210 167 205 217 218 253 255 255
106 198 253 221 121 28 15 24 18 11 1 28 99 227
130 193 164 58 53 98 131 148 158 127 58 21 15 57
154 98 131 239 255 255 255 255 255 255 247 99 24 24
68 78 237 255 255 196 171 126 147 255 255 255 139 66
92 188 201 120 30 54 43 22 3 67 211 255 255 241

7 1 7 7 0
8 15
252 254 254 253 249 244 255 246
243 231 216 208 215 225 244 251
160 148 140 134 142 154 199 235
91 101 115 114 112 117 140 181
98 114 123 120 117 122 117 126
117 124 123 118 116 120 123 107
111 117 122 120 117 115 118 115
108 109 107 106 109 113 111 127
105 106 105 106 108 110 125 126
103 109 120 125 119 109 124 104
111 113 118 120 118 113 111 99
117 113 105 105 111 115 116 111
110 108 111 116 115 108 95 91
104 104 110 116 112 103 97 102
110 107 109 112 108 100 100 102

16 0 6 7 0
11 5
248 239 212 147 76 103 149 135 118 115 114
248 250 238 193 117 108 131 125 115 113 110
247 249 250 231 177 129 116 114 115 115 111
250 247 250 250 226 167 123 112 116 120 114
246 250 248 252 251 210 152 121 119 123 116

13 0 7 7 1
4 14
34 6 11 23
190 47 13 6
255 251 128 28
255 255 255 205
61 166 255 255
51 22 125 255
27 64 64 45
31 17 92 81
57 44 53 60
49 72 66 39
36 73 80 44
32 42 39 58
48 47 31 24
46 18 18 24

0 0 7 7 0
15 13
93 100 107 106 99 97 107 133 188 227 235 244 250 252 255
95 106 116 119 120 124 134 165 222 255 253 252 255 250 249
124 127 119 116 131 154 187 211 239 236 221 221 217 206 225
131 131 113 103 120 150 184 183 181 157 128 121 112 126 174
134 141 133 125 136 155 161 133 125 115 96 97 110 100 90
134 131 122 122 136 144 127 100 96 113 121 115 115 117 112
131 134 136 134 131 124 110 99 97 106 114 116 118 122 127
123 128 130 123 111 102 99 102 102 102 109 118 122 120 126
139 139 128 116 110 105 94 99 102 104 107 113 119 120 121
143 139 122 108 106 104 92 89 96 106 108 109 115 120 120
126 122 112 102 94 92 92 89 99 113 117 116 122 120 114
117 111 106 100 96 93 92 98 106 114 118 120 123 118 107
100 92 83 81 86 90 87 102 107 104 108 114 113 101 97

1 6 7 7 0
11 14
136 134 131 124 110 99 97 106 114 116 118
130 123 111 102 99 102 102 102 109 118 122
128 116 110 105 94 99 102 104 107 113 119
122 108 106 104 92 89 96 106 108 109 115
112 102 94 92 92 89 99 113 117 116 122
106 100 96 93 92 98 106 114 118 120 123
83 81 86 90 87 102 107 104 108 114 113
92 90 98 103 93 98 107 113 111 111 118
84 77 81 89 98 101 108 113 111 108 110
83 80 86 96 107 111 119 126 126 123 122
85 87 96 106 109 116 126 137 141 138 135
82 83 91 100 110 118 127 136 139 136 130
87 86 89 101 121 131 138 140 139 135 126
90 87 90 99 117 130 138 138 136 133 127

10 0 7 7 0
14 5
80 94 109 109 124 136 129 105 69 57 72 73 85 93
213 246 252 255 255 250 249 237 177 108 77 84 94 88
252 255 247 246 247 247 253 254 240 180 117 105 108 103
248 240 244 234 244 255 254 249 246 232 187 125 93 89
125 120 105 113 164 222 247 253 255 248 207 146 110 96

7 2 7 7 0
9 12
167 176 175 179 189 208 234 249 250
107 99 92 90 93 114 162 211 238
69 60 57 61 68 77 97 132 162
57 57 63 75 85 86 82 84 88
54 58 67 76 81 83 86 83 72
48 47 52 62 73 82 83 78 70
41 41 43 51 66 78 76 67 63
43 42 37 38 48 66 69 57 55
44 45 44 46 55 66 65 55 56
50 53 60 71 80 75 63 60 60
63 57 62 69 68 62 60 60 56
56 52 58 64 57 50 55 55 45

16 0 5 7 1
12 9
77 19 61 81 93 44 22 32 10 5 20 16
255 255 194 88 66 109 23 32 23 9 18 21
129 198 249 255 143 47 73 6 29 21 17 10
10 54 123 225 255 108 61 42 35 56 24 5
102 2 37 91 239 244 23 89 29 62 15 19
255 115 19 18 125 255 144 79 39 63 25 6
255 255 151 49 41 205 224 25 52 41 13 16
174 255 255 169 30 145 239 59 52 28 26 31
15 134 255 255 147 62 232 100 48 26 30 24

3 1 7 7 0
7 13
85 88 98 123 168 215 236
92 98 135 189 227 250 248
104 118 145 164 148 122 102
114 136 142 126 92 56 41
105 106 97 83 68 57 60
108 95 85 82 76 73 76
100 92 90 93 90 86 82
81 81 86 87 89 89 85
73 70 73 74 80 88 90
68 67 68 67 76 89 100
64 69 70 69 75 89 103
68 71 70 71 73 85 98
74 72 71 72 73 81 89

6 0 7 7 0
13 15
88 91 98 105 112 111 93 72 67 52 37 26 28
106 130 157 182 201 210 202 183 174 152 124 96 74
126 166 204 228 242 252 251 244 233 226 211 187 153
135 178 218 239 247 253 254 254 249 253 251 241 215
125 149 170 182 190 198 208 226 249 251 251 252 243
96 83 65 57 63 78 102 155 216 237 243 250 252
64 52 41 41 51 63 71 96 132 208 240 243 249
60 64 66 66 75 92 103 104 105 123 131 141 168
67 68 71 79 92 106 117 124 128 107 79 68 91
70 68 66 71 86 107 127 137 139 116 86 65 68
70 66 60 60 74 103 132 140 134 103 85 76 72
73 69 60 57 69 99 129 131 115 84 77 81 76
80 77 69 65 74 98 119 113 92 79 80 80 71
88 85 78 76 84 98 106 96 79 83 84 77 68
90 84 78 82 93 99 94 84 78 80 78 74 74

11 0 7 7 1
14 15
255 255 255 255 255 255 255 255 150 52 19 37 35 29
105 130 169 195 248 255 255 255 255 180 74 72 85 61
122 90 38 22 61 116 199 255 255 255 139 79 70 54
255 255 255 156 53 13 45 157 255 255 192 104 67 49
255 255 255 255 189 68 21 49 169 250 204 98 51 24
74 95 225 255 255 255 239 185 91 149 208 146 76 35
137 119 87 107 239 255 255 255 255 179 222 144 55 25
92 87 80 65 75 142 170 255 255 182 201 113 74 33
87 79 45 60 104 92 20 115 221 188 119 82 45 43
124 73 18 114 143 71 38 14 95 136 92 84 88 63
123 87 81 150 116 31 13 29 40 100 86 68 70 35
91 71 112 118 44 8 22 47 25 58 58 33 27 10
47 41 97 60 8 13 28 32 31 57 28 23 15 20
30 42 55 10 9 16 21 18 27 26 1 16 3 20
99 103 46 18 16 29 35 26 15 1 4 11 18 8

1 0 7 7 0
9 15
75 71 70 74 84 86 95 103 116
77 76 79 86 87 113 157 193 215
76 80 89 101 123 159 215 244 251
73 79 93 107 133 154 186 191 174
73 77 92 106 134 131 131 117 91
75 78 91 105 116 102 93 84 72
80 86 95 103 94 76 72 82 88
84 89 93 97 90 72 66 79 89
81 79 80 82 86 79 73 73 77
80 77 71 65 68 75 81 81 82
82 81 71 61 66 73 82 88 90
78 77 74 71 83 78 81 92 94
68 63 70 79 82 80 90 105 107
67 65 70 77 65 78 95 104 104
81 85 81 74 63 82 90 79 71

9 3 7 7 0
11 8
125 125 119 123 147 144 193 245 253 251 251
66 55 40 37 57 63 106 174 220 245 252
60 59 52 51 73 76 85 111 143 169 195
64 63 66 78 97 97 104 106 88 75 110
65 54 54 74 77 81 100 107 82 67 89
54 47 44 57 69 78 94 86 69 83 92
47 50 45 43 65 63 73 63 47 72 87
58 59 53 54 73 53 62 68 45 46 72

1 0 7 7 0
14 10
68 68 66 63 82 85 76 77 108 152 194 227 221 233
67 69 67 61 80 84 88 117 175 221 241 249 249 254
65 73 72 67 79 95 113 146 196 228 235 238 255 245
62 73 76 74 73 96 109 116 125 125 119 123 147 144
55 64 72 74 85 93 85 72 66 55 40 37 57 63
56 60 67 71 82 85 70 57 60 59 52 51 73 76
61 63 66 69 66 70 63 60 64 63 66 78 97 97
58 63 66 66 67 59 51 59 65 54 54 74 77 81
58 65 65 59 61 56 46 48 54 47 44 57 69 78
61 68 66 59 59 64 52 41 47 50 45 43 65 63

4 7 7 7 1
5 7
39 29 16 2 7
30 19 17 10 2
19 10 13 10 7
28 20 21 13 10
29 14 17 15 16
48 28 21 12 6
41 26 18 15 7

18 0 7 7 1
8 6
59 66 61 37 6 13 30 16
106 111 111 93 60 27 17 22
101 112 127 125 97 44 8 39
55 76 113 139 129 63 9 52
31 44 94 146 162 98 22 65
32 39 63 130 169 118 21 57

12 6 7 7 1
5 8
255 255 255 255 176
66 142 228 255 255
92 71 10 123 255
100 128 153 87 99
62 86 149 164 100
81 82 105 144 132
52 39 36 72 107
28 35 35 43 55

9 8 7 7 0
14 14
180 119 30 15 68 135 186 172 190 211 115 23 112 119
153 55 81 106 64 55 155 167 180 190 175 44 46 122
105 58 145 188 120 73 135 172 158 178 188 77 9 92
89 77 159 166 171 148 150 175 165 155 186 111 4 58
109 77 167 137 97 96 149 148 168 156 175 130 23 37
100 82 172 107 59 45 124 152 157 162 164 130 29 34
103 81 151 163 144 74 83 178 151 161 163 119 33 34
131 72 120 172 146 49 77 166 158 152 163 113 22 56
156 84 68 98 76 12 78 158 153 156 150 97 48 70
169 140 74 33 64 84 110 146 152 157 133 93 77 70
153 173 170 133 142 170 162 168 156 142 121 105 76 34
115 134 160 171 175 175 165 146 113 91 80 80 41 5
84 58 79 111 128 116 94 55 41 44 36 28 6 4
80 76 68 72 62 59 64 50 40 30 11 2 3 13

3 1 7 7 0
10 11
3 9 25 40 55 70 82 86 85 75
30 49 70 86 101 119 140 165 180 172
56 56 46 54 48 45 56 89 113 110
34 28 29 61 82 98 107 113 106 49
23 75 142 193 217 223 225 217 218 190
119 190 223 217 231 216 219 218 221 231
219 229 165 108 151 144 147 155 164 179
225 192 109 39 69 59 70 82 78 88
191 162 110 43 44 48 53 48 59 50
162 149 109 47 47 57 59 47 61 50
144 150 126 92 108 97 86 80 82 79

10 0 7 7 1
11 15
183 180 176 234 226 200 185 106 46 5 44
115 135 176 212 255 255 255 255 227 110 12
79 111 109 134 247 255 255 255 255 255 159
41 111 205 210 162 93 198 198 238 255 255
160 160 154 134 238 144 255 224 104 140 255
233 238 211 168 112 136 255 186 255 164 98
116 113 134 119 80 146 252 116 98 209 168
20 33 46 28 36 142 255 255 155 60 217
84 88 89 66 82 8 127 222 255 242 36
126 104 88 75 104 115 66 24 179 255 239
140 114 114 100 102 131 148 136 61 157 255
76 78 112 118 108 120 147 197 164 11 191
12 47 57 82 71 92 114 172 221 130 42
70 48 15 15 18 36 43 75 175 151 57
91 52 37 34 16 34 79 87 119 94 55

17 2 6 7 1
10 6
76 198 244 157 42 55 72 33 6 4
40 16 164 255 183 15 73 61 34 15
135 37 31 163 255 155 9 61 50 29
255 180 70 63 173 255 115 29 52 34
255 255 131 145 53 220 210 32 44 42
63 255 255 21 161 79 220 104 30 57

16 1 5 7 1
12 8
81 255 255 106 31 66 45 20 33 24 7 8
96 51 255 255 71 60 67 35 34 16 13 14
32 146 12 255 234 25 61 40 7 9 5 12
255 3 131 75 255 159 21 43 25 1 15 10
255 245 31 118 168 250 49 46 42 11 10 8
146 255 142 154 32 234 134 20 50 19 10 3
56 222 255 50 163 119 185 25 59 26 11 3
74 90 255 138 188 37 180 57 56 41 6 7

15 8 7 7 0
6 14
89 120 136 118 67 46
83 107 127 131 83 40
94 109 121 129 98 46
105 117 120 121 103 56
108 120 118 114 102 67
101 116 121 115 104 68
93 109 122 117 105 67
94 107 116 112 102 71
106 112 114 105 95 71
117 115 109 92 81 63
110 98 87 71 58 45
83 65 53 46 34 24
54 36 26 27 16 9
37 20 12 15 8 3

17 4 5 7 1
11 15
238 16 82 89 202 116 8 43 21 5 4
255 198 72 94 125 193 53 34 32 13 3
212 255 110 169 17 186 87 24 39 24 9
96 255 255 106 137 127 118 11 30 25 20
36 198 255 55 158 56 133 53 21 27 26
21 105 255 204 93 60 106 65 20 35 29
23 54 240 246 32 87 83 75 8 40 37
20 56 200 234 8 84 75 71 2 35 38
43 73 189 208 32 68 77 78 16 43 38
22 53 188 194 37 47 75 58 27 45 29
35 72 189 160 50 26 77 37 40 44 21
23 118 167 137 64 27 81 17 43 36 11
60 130 143 86 52 81 72 6 40 25 5
102 138 147 116 108 104 33 33 37 16 5
162 171 167 139 115 70 16 47 25 5 9

11 16 7 7 0
7 8
58 67 61 60 66 77 92
55 57 61 62 63 70 81
46 48 51 49 51 63 80
40 41 42 35 34 50 75
40 42 39 27 22 41 70
45 47 43 28 21 39 68
55 57 53 39 32 46 71
69 70 68 59 54 62 78

3 4 7 7 0
14 10
19 60 84 48 25 53 117 171 199 211 209 218 182 107
49 54 32 56 107 155 197 194 201 212 210 217 219 196
50 32 37 114 171 188 185 171 144 144 148 167 196 203
28 27 90 161 170 161 146 136 73 48 64 122 171 162
16 52 134 162 144 142 137 89 60 53 44 88 154 147
19 83 148 148 136 135 128 70 91 120 73 63 131 145
27 100 145 133 136 136 131 109 104 117 76 70 128 136
40 114 135 122 131 128 135 125 112 84 51 78 129 130
40 111 133 128 133 125 130 124 79 58 68 109 138 126
40 113 135 127 129 126 126 100 58 67 102 127 133 122

22 0 7 7 0
4 14
49 50 52 50
45 48 49 48
51 45 47 48
53 46 45 47
61 57 49 47
69 67 48 44
83 75 45 39
77 86 47 38
72 90 53 35
52 80 62 29
44 72 59 35
40 64 57 42
46 57 53 47
63 52 50 49

2 2 7 7 0
14 14
59 56 56 59 53 36 18 8 5 8 14 19 22 11
61 56 66 40 17 20 29 63 115 133 109 103 104 79
67 62 37 7 8 63 132 152 153 119 72 60 64 64
64 24 1 46 107 150 128 84 53 61 84 92 77 52
33 9 32 128 147 83 72 115 162 186 205 222 217 187
6 27 121 145 56 69 179 228 235 221 219 219 205 218
7 75 151 65 65 199 218 208 193 174 166 163 189 186
41 132 74 44 165 227 197 183 174 116 61 66 119 171
81 125 6 109 227 198 180 176 139 65 78 68 39 157
98 81 10 166 201 171 169 179 135 87 174 129 59 150
109 44 18 179 178 171 164 164 166 152 166 88 71 157
104 29 38 174 171 167 170 158 170 164 113 69 112 165
76 26 43 170 168 156 167 160 156 100 80 122 164 169
60 44 38 151 172 155 158 153 129 82 140 166 164 157

