32 32
48

21 18 7 7 1
4 8
37 97 30 184
61 95 119 149
111 56 196 69
22 190 134 17
194 162 20 71
171 19 80 77
16 90 87 49
108 95 53 29

19 18 7 7 1
7 4
7 30 37 97 30 184 66
15 61 61 95 119 149 8
53 16 111 56 196 69 42
28 96 22 190 134 17 65

22 3 6 7 0
5 9
146 205 211 251 252
212 169 207 225 255
221 228 189 201 244
226 237 166 190 211
244 244 254 177 204
250 254 250 126 206
252 250 241 194 206
247 239 225 210 198
225 217 203 202 249

0 2 7 7 1
8 9
0 3 4 34 166 191 66 27
0 3 14 74 178 93 58 31
2 1 39 91 109 75 66 30
1 18 63 99 72 24 24 53
5 42 72 89 69 77 81 25
8 62 99 100 72 66 11 66
26 68 108 97 55 29 54 98
30 82 120 68 5 30 62 73
28 90 125 65 17 50 70 56

23 0 5 7 1
5 12
1 0 0 0 0
5 1 0 0 0
57 3 1 1 0
144 48 2 2 2
201 136 46 4 4
145 176 116 29 4
61 101 161 90 11
119 47 179 159 53
131 155 59 179 95
91 215 74 206 116
4 191 98 165 117
51 144 138 141 101

6 9 7 7 1
8 12
33 6 98 89 52 14 36 51
29 14 131 202 236 182 34 57
27 27 116 237 27 255 175 176
28 21 57 190 255 71 130 120
32 16 37 15 115 177 71 186
29 23 35 9 36 98 86 208
19 28 48 33 84 45 115 119
45 12 36 42 105 24 96 56
112 40 36 45 49 45 78 48
63 87 27 53 45 41 43 56
51 13 77 58 19 12 54 74
64 128 97 42 62 87 139 185

24 4 5 7 1
4 5
255 255 37 46
255 255 83 36
137 255 225 22
59 255 255 22
39 255 255 47

5 14 7 7 0
11 5
204 191 210 227 232 235 232 136 120 145 172
234 236 234 232 232 230 239 132 130 137 202
235 235 235 235 234 233 232 134 132 136 195
228 234 234 234 234 233 232 136 134 135 179
188 233 233 233 232 231 228 138 135 134 156

0 13 7 7 0
11 9
212 209 39 203 223 208 198 224 221 221 221
211 204 96 186 226 229 219 220 221 221 221
209 209 190 92 230 219 218 226 221 221 221
207 207 208 17 214 219 139 111 221 221 221
202 207 202 40 207 219 168 144 223 222 221
207 207 204 194 49 196 227 218 223 222 221
240 205 205 207 32 218 223 224 217 204 107
253 205 208 211 213 27 210 217 223 218 163
254 244 204 206 209 206 26 225 160 211 224

2 0 7 7 1
10 4
77 68 34 18 20 237 255 255 255 255
87 22 22 215 255 255 255 161 80 107
29 27 217 255 255 68 255 255 255 255
14 255 255 132 255 255 255 143 103 53

19 0 5 7 1
9 14
48 4 4 2 2 3 2 2 2
233 142 52 4 2 2 2 1 3
255 255 224 80 1 1 3 1 2
144 254 255 255 73 2 3 1 1
96 68 255 255 221 59 2 0 0
226 154 72 255 255 157 34 1 3
152 228 126 155 255 217 81 4 3
92 192 220 25 241 255 139 28 4
60 133 191 140 130 255 192 59 3
44 98 134 163 22 250 203 78 16
34 80 124 169 37 212 227 95 23
29 65 120 172 70 170 248 122 23
22 47 91 146 90 115 241 145 26
22 51 94 123 95 83 233 151 28

0 0 7 7 1
5 5
7 6 6 14 32
9 10 10 131 253
3 4 112 255 255
16 126 255 255 148
123 255 255 140 93

11 17 7 7 1
4 6
111 13 24 11
14 18 16 10
136 255 255 132
159 165 168 141
62 237 216 56
255 255 255 255

8 24 7 5 0
8 4
67 65 61 60 58 57 58 56
59 68 69 68 66 64 66 63
50 42 43 42 40 39 39 40
76 63 65 66 66 70 72 74

14 13 5 6 1
14 14
163 123 70 45 196 255 255 171 69 135 24 66 124 104
231 255 255 255 255 235 204 91 28 161 108 77 116 122
243 255 236 227 255 255 105 117 180 94 137 165 118 147
161 84 8 6 122 255 122 139 26 202 108 125 94 183
6 16 9 5 122 193 216 136 152 174 59 42 26 255
7 55 61 64 85 137 65 28 192 61 130 144 115 255
21 51 23 31 16 61 60 97 89 94 58 66 255 213
28 121 188 196 79 74 111 142 46 62 174 199 255 111
105 132 148 141 114 183 143 57 40 177 34 255 213 15
190 103 162 7 162 119 45 69 175 52 255 255 56 6
255 255 206 165 47 16 120 231 71 255 255 113 6 4
112 121 46 80 47 170 173 109 255 255 141 2 2 0
92 52 139 220 208 48 255 255 255 151 2 1 1 0
243 219 201 115 255 255 255 253 81 5 2 0 0 0

7 7 7 7 0
8 12
251 254 250 249 251 255 255 254
255 255 255 255 255 255 255 254
216 251 253 255 255 255 255 254
245 103 209 250 252 248 255 254
254 250 151 165 245 252 254 205
253 252 206 219 76 241 92 215
177 252 254 201 231 80 247 216
254 253 253 250 242 234 254 236
240 224 247 255 253 224 254 253
253 253 253 254 253 228 255 254
255 255 255 254 253 216 252 254
253 249 247 254 254 211 253 254

14 3 5 7 1
14 9
87 94 102 77 37 27 24 15 223 255 157 16 17 9
139 105 140 105 63 55 26 12 6 240 255 104 11 6
87 63 128 135 105 79 32 10 13 66 255 233 57 5
61 51 14 87 137 170 67 45 36 18 160 246 91 13
14 34 40 7 68 144 126 79 61 33 100 249 156 9
64 61 36 17 48 80 77 107 88 60 61 231 240 54
103 77 121 140 89 24 35 91 106 78 37 136 239 97
164 221 203 182 127 24 8 57 83 91 51 89 207 110
84 141 109 254 162 63 31 71 86 104 70 90 200 117

8 1 7 7 0
10 12
44 43 42 45 45 45 45 46 46 46
64 66 67 68 70 71 79 79 74 66
63 72 83 84 113 76 135 84 82 81
65 60 57 78 89 81 129 82 82 86
52 54 53 56 68 87 88 85 84 89
139 56 56 64 115 146 131 86 85 86
56 128 64 73 98 71 100 87 87 82
60 71 83 73 86 67 93 87 85 82
60 58 138 70 81 72 87 86 84 81
138 74 61 166 69 60 68 82 83 96
62 177 170 69 119 66 62 96 78 73
62 58 52 170 140 72 103 74 73 68

11 12 7 7 1
14 12
172 71 124 64 47 44 20 27 10 18 131 74 81 68
177 182 102 142 37 18 10 22 14 21 66 32 77 78
10 70 122 82 34 17 8 23 7 32 68 34 72 77
29 30 10 34 27 26 19 27 7 32 53 9 52 71
16 31 19 22 21 9 25 26 10 28 76 32 63 76
16 2 23 6 23 25 33 13 19 23 77 32 140 95
38 46 22 46 27 55 44 10 25 33 108 66 131 55
32 51 18 21 14 40 55 10 27 31 72 122 124 46
36 53 29 32 16 30 62 58 35 45 86 125 86 40
51 37 72 91 119 72 62 44 25 47 35 23 32 60
77 114 140 91 114 82 69 67 100 53 22 12 16 52
131 165 60 12 32 13 16 41 123 153 78 21 26 42

10 6 7 7 1
9 13
23 30 152 87 153 21 15 39 68
35 64 146 145 118 54 45 51 81
72 96 17 23 37 48 71 35 151
67 183 54 13 30 49 29 76 110
77 174 127 35 33 22 34 91 115
163 174 255 147 55 12 31 29 29
229 57 233 255 127 9 14 18 32
245 255 184 255 143 8 7 14 17
76 189 176 195 68 2 7 9 16
22 32 36 20 36 8 15 7 50
8 11 21 37 43 6 13 59 149
4 7 18 22 7 3 5 99 135
209 123 10 26 23 56 61 73 165

0 8 7 7 1
13 7
39 67 150 230 110 91 149 158 79 87 75 38 82
44 108 208 222 42 191 210 255 202 21 16 25 33
56 156 237 168 113 229 205 221 127 222 202 11 59
61 198 237 78 8 121 221 190 172 70 233 236 172
70 203 205 20 90 151 75 12 172 241 189 47 199
73 212 214 29 122 94 79 16 7 38 217 202 100
74 234 216 41 96 191 85 22 8 2 2 27 130

0 14 7 6 0
7 13
104 147 140 134 142 143 141
103 165 143 138 139 130 123
102 128 143 138 141 118 118
108 127 181 136 139 136 140
117 114 178 145 136 128 112
123 97 136 192 138 141 148
130 115 94 123 153 146 144
133 129 100 111 145 151 159
133 132 126 89 99 144 154
135 134 133 120 84 83 132
135 135 134 134 121 96 77
135 135 135 135 134 125 102
135 135 135 136 135 135 133

0 4 7 7 1
6 14
3 5 6 23 87 235
3 5 9 43 218 97
3 7 27 148 161 116
4 11 20 162 61 123
6 17 130 161 63 81
9 35 155 59 103 4
10 52 164 163 105 6
14 59 74 112 43 25
14 61 68 96 27 13
14 60 84 93 53 16
18 53 80 83 46 4
18 52 71 97 33 9
16 59 38 114 19 42
15 58 17 135 61 86

0 16 7 5 1
4 12
167 216 109 80
124 219 109 52
98 225 187 73
75 180 238 121
44 124 214 188
14 91 177 239
2 39 119 193
6 4 61 130
7 3 15 75
7 5 4 18
9 8 6 4
9 10 9 7

4 12 7 7 1
5 5
104 128 96 131 176
93 114 82 93 129
86 82 88 118 161
77 78 63 11 22
121 86 88 18 3

13 16 7 7 0
13 4
65 62 47 44 64 61 59 53 55 54 41 43 26
62 57 46 44 51 59 72 46 60 58 39 45 24
48 45 45 47 52 55 55 63 57 53 45 56 25
57 59 57 56 61 56 57 93 110 71 49 36 22

24 0 5 7 0
4 5
254 254 254 254
254 254 254 254
249 248 254 254
222 252 254 254
124 251 254 254

24 16 5 6 1
4 11
125 155 255 123
34 217 236 57
84 255 191 34
213 255 110 31
255 187 47 27
251 101 36 23
133 45 28 19
48 30 21 15
35 27 20 15
27 21 14 10
23 17 8 6

0 0 7 7 1
8 13
2 2 7 16 23 194 255 255
2 5 18 83 221 255 255 9
9 24 89 255 255 202 83 76
10 34 219 255 130 87 97 90
9 202 255 175 81 105 105 109
138 255 255 84 79 99 80 40
255 255 55 61 86 106 47 126
255 192 108 30 111 47 148 241
255 81 61 92 122 138 57 186
232 115 92 147 72 122 205 113
222 61 145 169 84 18 143 194
159 80 255 245 46 21 123 227
114 177 232 255 25 37 131 110

24 10 5 7 0
4 5
57 173 111 142
51 162 90 142
104 71 53 138
75 94 50 138
80 72 59 139

0 3 7 7 1
5 15
5 5 5 2 70
4 4 1 47 86
2 1 13 96 85
4 4 89 131 111
3 10 160 139 61
7 65 116 106 25
9 163 122 11 88
9 197 79 113 60
8 198 97 88 17
7 145 126 67 70
11 112 151 26 110
12 126 148 42 117
14 181 118 105 87
16 190 74 155 31
11 181 102 89 88

21 7 6 7 1
6 10
114 70 150 70 42 82
59 129 53 145 95 107
67 110 91 39 127 73
45 48 136 94 141 30
67 66 110 84 148 113
33 51 99 15 120 155
21 29 78 75 69 118
11 21 96 54 88 148
11 10 135 41 142 104
14 19 171 113 140 41

22 3 5 7 1
6 9
136 148 44 31 32 31
81 152 117 28 25 22
97 132 176 89 19 16
73 96 167 179 47 22
41 53 99 205 145 29
35 78 72 153 173 35
151 69 79 133 184 72
255 24 93 129 176 107
255 51 95 101 202 162

23 0 6 7 1
4 12
32 5 0 0
113 28 2 0
255 111 22 0
255 255 90 13
255 255 246 49
42 255 255 102
137 187 255 233
148 18 255 255
49 163 179 255
111 191 128 255
223 179 34 255
255 180 121 203

11 17 7 7 1
7 6
8 16 14 54 63 40 46
22 17 29 81 55 32 33
83 12 32 143 112 142 105
138 54 18 138 38 108 244
68 66 26 107 44 131 134
53 108 167 200 191 87 65

19 0 7 7 1
6 6
54 27 4 3 2 2
255 144 54 19 6 2
255 255 255 107 32 5
250 255 255 255 113 28
66 46 255 255 255 111
59 99 39 255 255 255

2 2 7 7 0
6 12
33 34 33 39 35 39
46 44 43 44 46 45
43 45 43 43 47 78
50 43 45 46 47 123
43 53 46 48 50 73
76 85 53 59 49 50
44 80 50 54 85 51
45 79 97 50 56 50
44 47 44 53 48 46
46 46 44 49 49 48
46 72 47 103 46 48
74 75 41 80 43 43

21 13 5 7 0
7 6
83 66 227 160 46 79 225
223 229 216 176 51 76 230
217 222 193 147 52 83 221
186 198 207 85 57 81 220
30 200 145 40 64 133 219
205 201 123 50 79 218 215

4 12 7 7 1
8 5
73 110 96 9 37 174 255 255
126 155 88 17 11 30 98 255
138 66 48 30 8 25 57 78
156 133 161 92 10 15 30 32
116 66 112 102 17 15 19 21

11 4 7 7 1
10 15
111 157 67 126 105 105 87 38 19 52
72 180 125 144 97 105 118 79 42 16
7 66 69 60 43 64 104 116 80 51
91 85 64 52 30 16 48 92 72 50
29 23 15 26 44 13 24 75 66 53
90 85 62 58 49 9 59 70 26 5
112 215 208 185 136 78 83 27 3 28
255 255 255 234 249 255 93 90 85 63
138 188 255 143 112 212 197 60 26 22
211 212 255 228 255 255 150 21 27 15
69 79 61 37 53 46 33 12 29 10
8 5 14 6 7 3 9 81 60 59
14 6 15 1 35 37 22 55 26 48
16 7 18 11 46 13 33 50 58 28
37 95 110 69 44 46 40 17 16 27

0 1 7 7 0
12 7
114 114 114 113 112 112 110 103 103 120 143 106
115 114 114 113 111 110 104 109 150 122 104 115
116 115 115 113 112 105 117 169 110 108 115 129
117 116 115 113 109 120 185 106 91 120 134 130
117 116 115 111 116 152 137 96 119 133 135 132
118 116 114 111 130 185 105 113 134 136 136 134
118 115 113 122 173 127 113 135 135 133 131 135

13 2 7 7 1
13 15
66 62 74 70 24 53 89 48 123 103 3 20 11
14 19 26 44 77 84 13 150 64 158 113 6 18
16 11 11 6 16 53 122 20 175 43 193 92 8
12 12 17 14 8 18 57 114 67 151 127 216 46
37 46 43 41 63 74 68 111 133 255 128 255 146
195 175 133 137 132 127 138 145 186 232 115 255 255
157 171 141 98 75 75 93 54 76 53 37 160 255
47 48 51 26 33 33 56 75 97 123 149 34 255
143 149 160 132 110 114 122 152 141 159 236 216 144
202 179 144 123 100 98 95 104 77 75 174 253 122
47 59 9 5 3 1 2 15 12 18 98 172 139
54 33 26 17 21 20 17 17 15 39 92 125 165
34 21 38 43 7 5 8 8 5 46 99 109 185
18 22 9 40 34 12 16 5 5 46 115 72 207
11 19 36 25 26 17 28 24 21 11 121 42 224

0 6 7 7 1
5 13
0 45 255 179 135
2 152 255 75 180
8 255 255 105 131
17 255 160 167 126
19 248 185 182 101
23 208 143 140 83
30 215 187 184 124
28 223 209 172 146
21 238 184 191 140
19 255 212 219 131
25 255 234 255 178
10 255 255 150 218
3 255 255 38 255

0 12 7 7 0
7 4
249 98 71 237 195 217 220
249 105 172 225 217 222 218
247 99 196 129 222 208 220
235 95 182 217 224 214 84

0 8 7 7 0
11 12
242 241 137 104 197 164 9 217 189 218 218
243 236 47 130 213 149 207 160 214 218 218
249 238 87 167 225 212 235 211 222 218 218
245 242 104 92 244 217 221 220 217 217 217
244 249 98 71 237 195 217 220 217 217 217
244 249 105 172 225 217 222 218 217 218 220
243 247 99 196 129 222 208 220 216 206 45
245 235 95 182 217 224 214 84 144 204 218
243 234 47 149 224 85 216 225 227 221 222
237 242 159 119 212 207 50 203 210 220 220
235 241 234 99 185 24 232 232 224 220 220
248 240 239 98 148 171 76 212 221 214 216

0 12 7 7 0
4 13
133 130 62 159
133 131 65 155
132 128 59 167
135 128 85 183
133 128 88 101
135 129 109 84
136 131 109 62
135 133 115 88
136 135 121 93
135 134 125 101
135 134 130 119
133 132 131 123
130 129 129 127

0 13 7 7 1
5 13
221 209 118 165 198
243 255 139 90 117
255 255 57 38 72
255 255 148 122 121
255 255 217 142 103
86 255 255 225 82
14 213 255 247 230
11 81 247 255 238
6 6 116 255 255
12 12 11 101 255
14 5 6 22 78
31 8 16 26 17
39 15 22 24 15

20 0 6 7 1
7 11
1 3 3 2 1 2 6
4 2 1 2 1 2 6
5 4 3 3 1 1 3
148 38 7 4 2 3 4
255 224 65 5 4 4 3
255 255 255 85 13 6 4
25 241 255 251 71 8 4
214 39 201 255 176 25 7
255 207 64 213 255 110 16
255 255 92 126 234 192 38
73 255 236 26 201 254 111

