64 64
68

1 33 7 7 1
27 7
2 7 19 19 6 15 33 255 255 255 255 174 45 89 26 122 72 27 15 66 204 255 184 111 129 112 34
10 16 23 11 15 36 188 255 255 93 119 126 75 31 95 71 32 22 88 99 130 255 255 242 155 109 132
14 18 15 23 101 103 255 255 24 37 93 100 122 119 91 51 22 255 255 255 255 255 255 112 240 173 165
14 20 13 137 255 222 255 255 46 38 169 85 144 95 233 255 255 255 255 214 234 255 182 47 255 188 96
26 33 30 252 255 255 255 255 104 85 132 45 39 255 255 255 255 240 104 97 117 172 124 67 239 160 118
35 44 31 201 255 92 99 113 72 53 67 47 49 255 255 92 182 54 41 76 124 236 231 245 255 154 112
33 36 25 125 255 255 222 133 63 41 53 37 41 187 255 255 231 224 202 245 198 180 165 222 117 22 36

31 27 7 7 1
24 11
217 195 191 186 243 255 255 219 48 255 255 255 141 7 49 112 244 255 49 80 10 21 32 27
190 183 180 205 179 74 132 255 255 255 255 99 12 20 112 209 141 255 144 90 17 11 9 15
72 58 66 149 255 255 255 255 255 90 24 47 35 134 255 255 78 255 254 59 26 10 17 9
201 206 255 255 255 255 206 76 43 51 35 65 217 255 255 36 124 177 255 136 12 16 8 6
132 147 215 225 102 17 42 34 39 82 117 156 179 35 160 201 126 75 255 237 77 68 16 3
78 70 120 200 105 19 13 48 86 90 5 99 214 239 177 178 95 100 129 255 131 108 71 41
70 73 99 229 217 82 60 39 21 132 232 214 116 67 18 154 202 184 20 255 255 37 117 97
134 92 89 95 145 45 112 120 153 224 101 59 100 80 35 134 255 59 145 255 255 168 95 109
198 173 224 255 255 243 220 115 53 79 132 122 39 88 85 22 253 112 173 106 255 255 87 110
255 105 97 99 48 77 180 120 121 80 62 29 132 255 154 139 144 159 192 60 255 255 64 98
248 255 123 171 230 240 226 200 70 33 25 189 255 158 108 117 62 108 121 30 233 255 255 92

28 0 7 7 1
7 25
255 255 167 39 15 5 2
193 255 255 226 76 5 2
161 126 87 229 229 89 7
85 100 101 30 181 199 47
84 67 82 129 54 176 104
54 44 47 100 93 106 122
39 42 40 69 113 81 114
40 47 39 54 108 79 146
36 51 40 49 104 62 127
62 72 43 50 107 81 136
115 83 40 56 92 121 122
101 43 42 62 62 95 33
63 16 12 33 22 21 125
255 215 172 191 236 255 255
255 255 255 255 255 255 255
78 157 210 228 223 201 131
139 126 130 141 130 127 105
68 97 99 104 85 88 124
64 42 75 123 76 37 24
255 163 127 107 31 16 19
255 255 255 255 255 255 255
69 147 250 255 255 255 255
38 41 6 53 61 46 89
27 36 9 40 66 125 176
54 19 40 103 128 123 82

2 7 7 7 1
27 23
9 11 145 255 132 98 49 15 25 79 224 222 237 200 49 148 177 145 100 71 46 44 58 146 255 255 138
19 10 159 242 140 84 9 14 18 196 239 195 195 225 139 255 255 255 226 165 121 80 91 97 255 255 255
13 22 187 255 158 44 3 11 172 255 255 253 218 63 255 255 255 255 171 106 72 49 69 61 106 255 255
17 29 244 255 107 52 46 80 255 255 211 186 161 82 255 255 122 47 3 17 20 22 36 23 19 250 255
18 43 252 237 31 46 49 104 255 142 153 255 255 157 255 255 9 16 18 6 1 14 43 22 12 255 255
13 26 255 255 26 21 38 67 255 104 255 255 255 255 255 255 8 17 14 10 13 8 41 23 3 255 255
19 18 255 255 65 2 31 47 255 37 255 50 245 255 216 255 15 24 14 3 20 10 45 31 20 255 255
18 18 206 255 133 14 30 25 255 8 255 53 207 255 210 255 17 25 18 3 19 4 38 29 37 255 255
12 15 134 255 216 9 17 14 255 81 255 109 235 255 223 255 12 18 18 6 13 31 44 29 149 255 255
11 13 61 255 255 47 22 28 215 152 255 255 255 255 246 255 142 123 106 82 53 74 67 49 255 255 185
15 2 75 201 255 105 19 18 179 255 169 255 255 245 255 255 255 255 167 86 107 68 26 41 255 255 49
13 27 147 191 172 148 52 67 189 255 154 172 208 191 170 249 255 241 218 186 114 30 16 12 255 255 40
13 29 171 155 100 218 63 146 183 255 162 91 139 111 67 114 255 255 228 76 42 31 16 12 255 255 52
14 22 191 136 54 242 158 116 219 255 248 98 68 110 80 168 255 255 81 38 67 74 25 18 255 255 64
6 6 177 180 31 179 155 73 184 227 245 162 71 140 88 169 255 255 67 181 179 185 76 20 255 255 74
10 23 154 224 83 154 175 75 174 157 160 127 55 168 53 157 255 255 115 213 188 248 150 23 255 255 99
16 18 99 248 227 255 255 72 161 149 142 150 101 158 24 158 238 251 69 152 118 192 150 25 255 255 142
16 13 32 139 173 255 255 149 159 134 109 161 179 159 41 157 216 245 33 105 125 175 122 41 208 255 195
15 11 1 5 16 139 255 178 148 131 61 119 186 162 38 160 191 234 29 58 81 121 86 32 149 255 227
14 12 8 7 18 115 255 190 139 131 53 83 172 173 51 182 167 221 48 96 168 154 76 19 124 255 234
10 6 17 38 133 209 255 167 131 137 60 77 162 183 61 194 126 199 112 77 137 96 33 16 112 255 255
12 5 14 81 205 241 255 120 136 128 57 70 146 186 56 179 96 179 167 85 81 50 24 17 87 255 255
17 2 13 80 175 189 196 43 145 118 59 68 131 186 50 178 97 158 164 96 70 44 27 25 52 255 255

8 0 7 7 1
30 11
15 11 13 17 9 9 18 20 30 42 31 9 19 12 6 8 11 14 13 7 5 6 7 5 4 4 5 12 18 12
10 18 20 30 32 53 71 91 92 97 107 99 75 49 15 9 13 16 12 7 8 11 11 10 8 8 7 38 65 95
69 79 82 90 97 111 110 104 124 164 199 223 198 166 104 31 11 11 4 3 12 12 12 11 9 29 103 157 174 193
103 91 91 83 75 67 51 51 138 241 234 255 255 255 255 183 52 10 9 10 17 11 10 9 37 160 255 255 255 254
141 56 8 25 33 25 7 25 133 229 175 54 58 206 255 255 223 36 12 20 15 5 10 16 168 255 255 185 39 66
205 107 11 35 32 43 107 218 239 255 255 255 255 166 55 255 255 186 20 20 14 8 9 90 255 255 105 118 223 255
115 145 157 186 188 166 156 161 93 107 167 199 198 209 181 41 255 255 131 16 7 11 5 176 255 155 96 142 105 119
71 170 214 221 255 255 255 255 157 189 213 199 155 92 104 101 136 255 255 36 2 3 15 235 255 46 48 81 119 175
144 164 89 82 100 168 255 238 68 92 105 126 109 70 49 74 26 255 255 78 2 2 28 255 255 41 49 59 77 83
126 45 13 12 182 255 255 255 156 250 254 208 141 69 24 49 63 183 255 159 14 8 70 255 249 43 28 40 84 128
49 15 25 79 224 222 237 200 49 148 177 145 100 71 46 44 58 146 255 255 138 24 173 255 201 47 36 49 72 99

0 18 7 7 0
31 18
253 253 252 250 254 156 36 42 41 30 29 41 39 40 45 45 83 93 70 54 45 43 39 36 57 69 59 94 62 94 98
253 252 251 251 240 112 45 39 40 43 40 32 36 42 48 50 49 48 46 43 43 42 45 50 70 89 99 82 97 132 131
253 252 251 184 230 87 34 51 67 64 53 54 40 40 42 44 40 44 50 51 47 57 81 103 142 154 66 53 29 63 101
253 251 250 94 123 65 37 57 69 84 71 95 93 77 72 69 69 74 76 89 105 141 168 158 145 115 49 40 30 34 35
253 251 249 135 56 46 35 57 76 75 84 155 156 167 168 158 158 171 169 176 182 160 127 117 149 71 47 54 42 36 37
253 251 249 207 64 41 67 55 87 80 74 141 124 151 133 121 148 151 129 89 80 115 152 119 55 50 67 80 79 64 43
254 252 250 243 114 42 75 49 48 55 81 155 137 115 121 118 123 128 134 149 140 106 68 30 46 48 60 93 102 89 56
254 253 252 251 220 69 64 60 116 49 24 47 62 89 113 118 121 111 76 48 48 53 64 54 44 50 77 89 58 36 30
255 254 253 244 253 173 47 54 66 39 34 61 73 47 56 65 70 79 93 113 117 75 44 32 50 62 57 43 30 36 42
255 255 254 255 252 181 84 67 48 43 50 53 78 78 86 93 88 89 100 93 69 60 61 32 42 46 34 27 39 42 54
255 255 255 252 255 188 93 64 54 43 46 66 70 67 65 64 64 58 70 78 71 54 34 43 39 24 32 27 33 49 64
255 255 255 255 253 194 85 45 42 44 45 47 52 72 82 82 83 88 80 57 52 41 29 51 32 18 30 24 40 45 61
255 255 255 255 253 185 60 34 39 40 38 35 34 37 43 44 37 40 46 49 56 40 43 32 18 19 28 23 36 42 56
255 255 255 251 253 182 55 30 37 36 37 38 39 36 37 39 47 67 82 98 131 72 70 42 81 62 23 27 31 40 49
255 255 255 255 254 173 59 37 34 38 37 33 39 40 45 58 74 91 97 64 113 85 114 59 129 152 40 24 32 37 44
255 255 255 254 253 219 90 42 37 30 35 37 50 50 48 58 72 89 110 128 125 80 72 82 53 69 45 25 29 32 40
255 255 255 255 253 244 124 45 27 35 30 47 69 61 48 57 72 99 120 91 84 55 28 28 23 28 24 24 29 32 37
255 255 255 255 248 246 131 51 45 70 32 45 63 72 58 66 69 65 77 95 120 98 80 69 48 35 26 27 24 27 31

0 6 7 7 1
21 15
0 3 5 1 154 255 255 18 14 5 13 18 8 9 15 17 13 7 17 28 163
0 3 5 5 150 255 255 24 3 9 7 16 10 9 12 15 11 17 9 31 20
0 1 4 8 151 255 255 22 6 9 24 25 12 6 10 11 8 24 43 145 142
0 0 3 6 166 255 255 10 6 17 15 6 7 14 28 56 90 143 249 255 255
0 1 5 6 180 255 255 11 8 36 161 237 239 238 255 255 255 255 255 255 222
0 2 8 11 205 255 255 25 9 50 185 255 255 255 255 255 255 246 160 29 221
0 3 7 25 255 255 229 14 15 49 209 255 244 102 43 32 30 41 69 105 255
0 9 7 52 255 255 169 4 26 18 60 213 255 255 175 90 57 33 33 103 255
0 9 5 74 255 255 93 9 19 32 29 55 173 255 253 109 43 24 18 167 255
0 9 10 99 255 255 49 23 16 19 30 18 50 207 255 193 53 45 124 255 255
3 7 12 151 255 255 58 15 29 17 20 17 6 73 255 255 96 206 255 255 212
6 10 8 182 255 255 62 32 13 27 22 18 13 11 176 255 146 255 248 149 77
6 8 12 243 255 254 18 37 29 17 13 15 16 15 83 204 174 199 99 27 19
5 71 99 255 255 180 35 52 72 58 31 10 17 16 43 90 85 67 29 11 52
6 227 255 255 255 99 75 87 84 93 111 124 78 55 44 44 63 78 102 166 255

32 32 7 7 0
8 16
143 83 34 63 125 224 253 253
131 120 44 47 76 152 250 250
131 136 75 52 79 94 223 254
137 129 52 49 80 55 71 156
130 121 56 61 58 41 39 45
115 125 54 52 75 94 98 85
120 124 85 80 103 118 118 120
123 131 133 129 105 114 122 117
126 132 124 124 107 64 77 93
123 120 123 119 136 109 49 36
121 123 124 117 127 128 116 79
119 122 121 123 126 129 132 145
121 120 119 121 123 125 132 131
119 117 118 118 119 120 121 124
117 116 117 117 116 115 120 125
118 117 117 117 116 113 109 96

1 35 7 7 1
5 20
0 3 11 237 255
3 10 23 255 255
5 11 33 255 255
5 13 40 255 255
1 5 60 255 255
8 7 89 255 251
8 6 118 255 231
6 8 156 255 211
1 3 198 255 179
5 13 248 255 143
8 37 255 255 92
8 63 255 255 87
6 70 241 255 112
4 72 222 255 177
10 79 248 226 117
10 78 255 255 153
5 72 255 255 75
3 45 255 255 255
4 15 138 255 255
6 1 22 251 255

15 34 7 7 0
17 16
127 128 151 169 167 154 136 105 86 73 90 182 198 196 197 201 203
148 206 200 195 189 160 114 99 89 69 108 192 197 196 197 201 204
167 239 245 237 235 199 156 95 88 70 126 194 200 198 198 202 204
149 201 242 231 248 140 115 100 82 73 144 194 204 200 199 202 203
138 150 195 221 212 141 113 99 84 75 158 196 201 199 200 198 199
150 149 143 148 146 138 110 94 80 76 164 198 201 198 198 199 198
146 164 156 154 119 116 104 105 76 78 172 200 200 199 200 196 197
146 165 146 140 126 114 102 104 76 79 177 200 200 201 202 197 198
148 168 157 136 125 110 113 105 77 79 178 200 201 202 198 204 199
148 166 148 139 118 110 101 118 81 85 195 198 205 205 207 210 190
97 108 128 115 113 112 108 122 89 97 199 201 205 212 205 209 159
131 182 184 151 132 108 104 115 86 110 200 206 207 214 210 204 126
146 223 197 206 165 129 103 91 80 127 201 209 208 208 204 213 138
139 214 198 220 110 96 107 96 89 150 204 207 205 210 204 206 185
113 143 172 170 151 113 105 95 97 173 205 207 203 208 206 204 203
145 129 119 113 112 104 104 90 115 188 207 206 206 208 206 203 203

2 0 7 7 1
23 21
235 13 102 63 77 150 104 23 10 13 22 11 45 55 18 16 17 93 65 41 42 71 93
213 36 53 24 37 119 101 18 15 21 15 33 26 47 28 16 54 62 37 125 211 232 195
232 43 60 30 27 115 98 31 49 60 79 41 10 72 53 53 60 33 166 255 255 162 117
208 18 79 49 27 118 79 114 133 148 131 137 57 90 41 91 56 95 255 255 96 42 163
191 18 82 55 46 133 93 150 108 103 78 158 76 119 83 108 129 220 255 155 26 139 255
151 36 69 46 24 75 83 91 31 17 26 152 129 148 56 18 42 144 255 255 47 238 255
136 55 29 16 14 26 33 30 10 45 113 162 127 146 185 212 236 164 214 255 170 255 255
117 58 30 20 12 7 3 3 1 113 239 240 225 204 200 192 218 252 117 237 255 255 255
87 49 29 27 24 25 18 16 16 125 200 104 45 26 38 51 45 61 128 142 210 230 107
111 98 46 41 42 11 9 10 9 110 242 167 75 59 58 82 134 191 244 184 55 25 31
123 149 83 80 66 42 42 48 57 14 198 247 153 98 127 169 190 142 65 83 87 58 45
29 84 40 26 43 30 23 29 25 69 60 203 158 127 157 141 57 73 107 101 129 146 190
76 106 73 63 80 52 45 57 63 57 48 89 92 79 10 74 152 227 211 196 235 255 226
70 91 57 41 25 10 38 24 22 58 118 192 174 184 255 255 255 255 255 220 195 119 128
36 33 5 17 2 6 42 6 16 81 124 156 184 205 233 223 188 124 7 156 255 255 255
2 5 18 17 3 1 32 22 11 98 178 187 211 241 255 255 255 255 255 255 209 68 107
77 101 88 72 36 10 26 48 64 57 67 52 33 52 114 140 138 115 59 118 201 195 191
66 48 32 57 57 18 23 79 57 48 112 148 170 189 175 139 144 153 189 190 63 77 111
38 53 84 102 45 6 14 68 106 84 84 114 148 45 44 33 56 79 124 137 72 60 89
34 27 54 43 9 12 10 40 80 157 174 97 67 82 6 71 97 163 192 186 147 164 168
16 18 63 68 32 30 42 28 83 255 255 255 143 99 112 130 189 224 207 173 112 84 94

1 0 7 7 1
28 12
125 103 115 132 87 97 152 84 9 15 24 32 60 60 30 17 13 49 61 62 31 14 7 10 14 21 14 32
143 235 13 102 63 77 150 104 23 10 13 22 11 45 55 18 16 17 93 65 41 42 71 93 89 67 9 25
70 213 36 53 24 37 119 101 18 15 21 15 33 26 47 28 16 54 62 37 125 211 232 195 213 237 117 7
80 232 43 60 30 27 115 98 31 49 60 79 41 10 72 53 53 60 33 166 255 255 162 117 140 243 210 55
77 208 18 79 49 27 118 79 114 133 148 131 137 57 90 41 91 56 95 255 255 96 42 163 255 255 121 71
83 191 18 82 55 46 133 93 150 108 103 78 158 76 119 83 108 129 220 255 155 26 139 255 255 246 255 89
87 151 36 69 46 24 75 83 91 31 17 26 152 129 148 56 18 42 144 255 255 47 238 255 236 66 236 197
99 136 55 29 16 14 26 33 30 10 45 113 162 127 146 185 212 236 164 214 255 170 255 255 102 23 195 255
93 117 58 30 20 12 7 3 3 1 113 239 240 225 204 200 192 218 252 117 237 255 255 255 59 13 107 213
82 87 49 29 27 24 25 18 16 16 125 200 104 45 26 38 51 45 61 128 142 210 230 107 31 19 55 135
106 111 98 46 41 42 11 9 10 9 110 242 167 75 59 58 82 134 191 244 184 55 25 31 21 9 61 169
152 123 149 83 80 66 42 42 48 57 14 198 247 153 98 127 169 190 142 65 83 87 58 45 48 17 80 171

0 11 7 7 1
7 10
14 24 39 29 3 19 13
13 22 37 34 11 19 19
12 19 33 36 16 10 18
12 18 32 39 22 4 18
10 16 30 40 25 4 17
9 13 26 41 29 6 15
8 13 21 40 35 7 12
7 15 20 37 39 14 8
5 16 21 36 41 21 3
2 14 19 33 42 28 3

37 31 6 5 1
22 29
255 133 2 3 6 9 11 16 18 16 18 63 192 182 65 7 162 29 101 207 165 19
255 255 255 255 206 76 15 21 22 19 21 77 205 170 52 31 190 30 111 203 165 15
158 255 255 255 255 255 185 91 86 87 90 133 224 158 44 69 195 58 122 211 166 16
148 79 65 157 230 255 255 139 84 91 99 123 180 129 35 105 191 93 119 219 175 19
97 17 14 111 93 70 231 202 85 11 23 27 113 140 46 142 188 119 118 213 179 22
90 84 29 96 120 66 123 255 255 58 37 41 109 186 121 172 176 134 115 213 183 24
68 106 32 42 98 93 130 176 255 249 46 26 50 161 190 179 159 145 114 212 186 30
72 101 24 4 46 82 96 77 239 255 232 53 7 80 189 164 130 165 109 212 183 27
188 105 11 9 27 15 21 35 68 225 255 208 30 22 103 114 69 171 98 208 180 24
255 255 139 11 25 21 74 79 56 71 255 255 148 4 29 41 10 166 95 205 183 21
166 255 220 15 11 20 109 80 129 71 144 255 240 9 12 15 35 157 91 195 172 10
122 255 220 16 29 111 229 121 226 158 45 248 235 16 13 9 33 135 84 200 185 20
255 255 126 4 68 210 213 109 222 250 113 207 255 76 23 11 35 141 119 200 191 29
255 255 34 23 162 249 106 35 97 174 100 134 255 160 13 10 25 119 187 178 205 34
195 98 15 70 185 166 27 13 81 209 111 98 237 205 25 3 10 54 183 158 175 22
114 65 41 94 145 90 38 80 191 246 69 97 215 255 153 26 9 9 93 103 126 16
93 65 35 104 216 115 58 123 234 179 22 70 103 255 255 138 8 7 24 43 69 33
50 35 49 213 255 103 111 170 245 94 50 47 57 125 255 255 47 10 11 18 48 33
37 25 131 244 111 42 72 180 255 121 35 64 102 67 255 255 128 8 13 11 21 27
95 51 169 161 10 22 28 225 255 76 12 34 57 19 145 255 146 13 5 4 8 21
76 32 153 82 14 42 112 255 234 57 37 24 24 11 134 255 186 5 6 9 3 11
141 130 211 56 11 17 255 255 148 47 32 29 31 21 122 255 255 61 8 12 5 14
115 253 224 84 26 142 255 136 87 59 10 11 24 38 51 233 255 92 4 4 3 18
210 255 168 87 91 139 159 171 202 141 37 25 20 13 27 197 255 91 2 6 2 15
162 82 186 158 165 149 62 49 128 86 38 35 29 12 41 239 255 80 8 6 8 10
122 125 138 163 187 179 154 157 135 62 7 9 21 49 138 255 255 55 11 11 13 9
85 87 93 110 109 123 143 161 176 185 186 200 229 255 255 255 186 31 10 10 11 9
249 250 244 255 255 255 255 255 255 255 255 255 255 255 253 169 63 15 10 9 10 8
107 103 104 101 103 105 105 102 99 92 85 79 68 56 38 20 14 12 11 11 12 9

0 31 7 7 1
14 8
0 0 2 2 33 255 255 199 255 255 110 86 75 3
0 0 0 3 112 255 178 255 255 255 255 41 124 84
0 0 4 7 250 255 95 255 126 235 255 255 186 97
0 0 4 47 255 255 154 255 131 180 126 255 255 225
0 0 5 134 255 255 177 255 111 160 101 165 29 144
0 0 5 179 255 209 194 217 166 149 115 60 128 128
0 0 4 184 255 204 176 190 78 236 255 197 182 253
0 0 3 192 255 179 151 226 120 209 175 86 102 124

3 50 7 7 0
7 6
251 255 254 246 245 232 218
253 252 254 254 252 254 255
253 254 255 255 251 250 248
255 255 255 255 255 252 254
255 255 255 255 255 253 255
255 255 255 255 255 255 255

2 52 7 6 1
18 7
64 81 72 21 75 74 90 79 101 130 152 174 204 222 224 241 242 224
18 27 57 77 58 55 54 72 106 97 70 46 10 43 91 136 179 206
12 7 8 5 16 40 42 65 117 141 158 181 171 164 165 128 94 65
5 9 16 5 1 11 9 8 35 55 58 79 106 117 140 154 166 167
10 4 14 12 3 3 3 10 14 25 24 11 33 53 55 56 78 96
9 5 8 16 2 6 8 18 20 2 29 9 14 19 26 19 22 44
12 17 7 21 16 10 3 8 16 14 15 10 8 19 12 12 9 11

0 48 7 7 1
31 9
10 10 13 11 24 40 87 85 46 32 27 26 76 181 34 167 70 29 77 77 45 28 25 48 88 149 156 35 95 83 155
20 22 23 27 46 48 71 55 43 54 52 43 33 165 111 112 217 162 131 103 60 38 36 54 59 99 168 97 45 96 97
26 27 32 38 31 21 68 59 30 42 46 53 24 79 149 68 104 164 201 163 79 43 25 30 50 59 118 158 117 91 63
19 20 27 28 15 29 93 72 31 29 21 23 27 25 109 173 66 60 175 247 114 27 48 27 26 30 60 71 85 89 82
18 16 19 26 17 51 79 43 24 34 35 15 15 24 41 155 100 100 139 164 178 91 78 45 51 49 56 50 40 20 8
19 21 19 30 47 62 18 51 69 28 28 59 30 28 20 63 78 93 107 60 100 117 77 57 53 51 58 45 20 37 26
20 22 17 19 45 61 32 79 78 104 87 32 8 36 60 40 46 61 101 75 54 80 88 70 55 44 49 45 31 42 55
14 16 13 9 39 70 41 96 28 19 64 74 59 45 28 8 20 3 37 53 46 54 66 77 90 94 109 109 115 117 107
36 36 48 58 50 59 51 43 42 49 55 49 28 15 3 14 27 24 40 31 27 17 47 82 82 76 87 79 72 55 66

7 44 7 7 1
27 7
8 57 172 236 185 54 191 46 106 172 83 26 20 27 53 199 126 203 149 86 141 77 75 46 71 72 87
43 160 205 79 61 73 186 30 136 150 85 29 22 27 41 181 223 63 202 192 134 131 87 35 80 99 103
74 98 113 161 132 116 123 105 64 77 105 45 30 30 29 102 201 126 49 159 186 177 174 47 80 111 127
53 65 101 129 114 145 73 156 53 93 109 58 38 29 24 57 137 160 94 59 129 99 204 166 28 88 99
46 32 27 26 76 181 34 167 70 29 77 77 45 28 25 48 88 149 156 35 95 83 155 232 121 89 48
43 54 52 43 33 165 111 112 217 162 131 103 60 38 36 54 59 99 168 97 45 96 97 164 173 111 56
30 42 46 53 24 79 149 68 104 164 201 163 79 43 25 30 50 59 118 158 117 91 63 31 54 63 67

16 26 7 7 1
24 26
102 140 147 35 57 173 164 198 255 255 255 184 93 69 101 123 250 255 255 255 135 171 127 91
102 141 146 25 52 168 128 140 255 255 169 24 107 132 159 153 157 132 176 183 126 146 130 71
108 153 159 38 81 173 72 105 137 42 98 118 69 97 108 91 98 73 74 35 34 69 76 30
103 140 142 40 106 146 57 69 124 19 138 146 36 27 38 65 95 87 115 104 135 92 59 9
117 154 164 27 123 127 21 39 94 64 122 127 45 24 28 58 104 91 72 52 38 78 85 68
108 120 214 49 136 102 4 28 71 34 121 166 93 38 32 12 40 56 91 130 104 64 45 33
100 91 171 90 146 132 91 67 64 75 162 230 141 118 118 104 116 186 255 255 190 173 157 135
47 41 130 100 90 105 111 109 53 131 99 82 161 158 173 176 146 247 255 255 255 194 160 189
47 11 112 92 58 53 59 25 137 120 176 204 128 106 48 112 34 158 119 207 125 72 58 91
119 2 112 69 91 103 89 123 93 255 219 115 46 123 51 83 87 26 65 92 74 90 71 141
129 5 126 47 96 113 99 167 127 116 106 127 127 70 67 71 54 53 47 42 93 114 98 42
156 26 133 49 106 116 122 247 86 182 131 111 83 142 122 129 179 227 174 230 208 229 222 225
106 42 117 65 93 70 143 90 52 191 106 162 155 165 71 82 112 101 65 74 133 154 166 147
107 75 102 106 78 121 39 135 95 131 114 106 149 114 53 30 21 61 62 49 28 24 44 44
62 119 56 70 97 179 30 90 53 119 200 74 65 44 50 56 53 28 57 80 53 36 67 71
113 125 57 43 82 196 150 86 26 52 208 83 42 29 42 34 50 52 25 52 71 67 68 111
156 126 64 32 34 113 221 33 147 127 157 115 49 46 50 40 26 33 28 27 4 56 64 106
166 117 47 21 21 56 194 46 185 85 62 128 79 60 44 60 40 49 34 43 60 44 24 60
172 83 26 20 27 53 199 126 203 149 86 141 77 75 46 71 72 87 63 89 9 44 67 83
150 85 29 22 27 41 181 223 63 202 192 134 131 87 35 80 99 103 6 102 61 34 19 48
77 105 45 30 30 29 102 201 126 49 159 186 177 174 47 80 111 127 78 24 49 31 46 43
93 109 58 38 29 24 57 137 160 94 59 129 99 204 166 28 88 99 81 52 6 27 40 31
29 77 77 45 28 25 48 88 149 156 35 95 83 155 232 121 89 48 53 49 25 29 42 13
162 131 103 60 38 36 54 59 99 168 97 45 96 97 164 173 111 56 47 37 44 45 19 22
164 201 163 79 43 25 30 50 59 118 158 117 91 63 31 54 63 67 38 28 18 42 52 16
60 175 247 114 27 48 27 26 30 60 71 85 89 82 57 39 5 29 43 31 33 19 28 31

22 30 7 7 1
24 21
112 36 53 96 254 142 106 196 213 72 57 212 159 23 1 3 4 7 13 18 26 27 26 37
188 208 73 104 250 188 255 255 136 128 243 255 98 10 2 5 3 4 5 9 17 21 22 33
119 203 210 187 155 36 62 98 141 188 255 255 255 163 134 74 17 8 4 5 9 14 15 24
70 103 150 155 160 156 190 187 134 48 137 255 255 255 255 255 139 45 4 8 6 6 7 13
67 52 142 147 145 62 49 67 68 50 51 122 136 128 234 255 255 216 114 17 6 2 8 8
48 55 148 88 183 111 71 73 54 16 38 77 63 84 148 142 154 251 241 59 16 8 13 13
24 42 78 116 78 147 64 75 65 75 38 27 50 64 144 152 28 92 255 168 17 9 14 15
93 73 69 131 71 132 70 51 33 67 74 50 47 66 100 109 70 106 255 255 245 123 117 98
217 164 162 134 51 87 61 76 147 166 188 97 29 100 110 73 85 90 125 255 255 255 228 207
255 98 70 23 18 81 19 182 255 255 255 226 94 184 142 41 95 9 18 61 190 201 86 90
170 31 51 31 83 37 72 232 255 97 255 255 255 255 150 14 91 56 68 66 118 217 54 30
173 83 68 84 61 45 57 203 253 152 174 153 255 146 193 131 181 64 33 48 167 219 127 73
66 102 139 74 24 46 38 142 250 139 94 95 210 145 126 206 255 112 54 60 167 179 103 119
86 86 70 29 61 53 43 43 116 198 124 166 220 58 93 165 255 100 70 44 136 140 53 65
109 24 159 135 30 40 44 40 47 119 154 126 137 144 121 255 253 89 90 133 188 138 17 125
118 168 113 164 192 126 8 46 52 77 187 143 76 167 255 255 161 58 47 190 117 68 62 111
255 251 129 16 141 255 147 27 39 65 191 255 226 188 187 168 100 80 73 146 20 16 51 89
255 78 217 95 187 214 255 47 26 48 18 90 62 24 37 72 40 22 161 184 58 29 27 173
159 138 209 74 179 68 245 154 8 19 11 51 55 38 47 106 51 22 161 122 52 45 117 244
255 214 96 117 179 187 255 122 40 26 10 45 52 36 12 72 85 69 133 255 214 172 169 163
125 160 194 236 255 255 255 134 80 18 15 19 10 42 52 43 12 46 44 94 111 92 76 75

11 0 7 7 1
21 6
0 0 0 0 0 0 0 0 2 3 2 2 4 2 6 6 17 70 123 159 192
0 0 0 0 0 0 0 0 1 2 2 3 5 12 39 85 179 255 255 255 255
0 0 0 0 0 1 1 1 0 2 6 9 40 95 166 255 255 255 207 116 91
0 0 0 0 0 2 1 2 1 8 27 92 183 214 255 255 255 142 45 54 42
0 0 0 0 0 4 4 6 16 67 166 255 255 245 255 248 115 48 68 64 75
0 0 0 0 0 4 16 49 169 255 255 255 225 220 200 112 28 46 61 85 194

19 29 7 7 0
12 29
208 107 26 47 121 113 132 138 12 16 44 58
154 111 32 49 117 111 111 146 145 54 15 33
149 125 57 99 106 109 119 107 150 158 106 62
141 128 95 118 118 112 118 117 118 122 171 166
141 132 133 137 129 119 118 115 117 109 116 133
158 161 162 157 125 112 122 135 148 158 157 193
103 95 84 62 93 172 177 172 168 165 143 98
23 17 38 64 147 202 146 106 90 93 102 81
22 58 139 157 159 125 105 122 123 138 144 160
102 120 191 187 143 136 137 171 186 157 143 125
184 172 159 179 126 118 178 176 123 111 113 112
174 177 163 156 155 144 140 145 146 165 175 180
185 182 185 192 193 192 156 128 106 119 128 123
209 208 210 219 201 177 165 182 162 116 104 131
207 205 184 194 211 190 128 165 201 185 155 154
196 208 191 206 206 172 161 172 193 207 180 151
207 193 146 120 189 225 237 193 152 187 170 144
197 189 199 153 237 235 228 225 163 192 187 151
174 115 225 155 202 219 208 194 179 180 184 144
192 28 146 189 119 176 206 202 191 162 151 178
223 77 116 219 113 153 209 199 204 172 106 155
224 199 196 203 170 111 186 208 195 190 150 89
196 203 201 195 188 123 113 201 190 169 173 88
163 190 190 186 192 179 100 142 155 153 168 153
136 165 170 175 178 180 149 108 163 202 217 228
124 132 142 146 148 154 159 113 158 238 228 159
83 89 96 102 101 108 112 113 86 87 66 18
10 14 19 22 21 17 10 3 11 10 1 10
28 33 25 16 21 16 16 12 5 4 1 20

21 13 7 7 0
6 25
167 141 104 51 59 84
189 197 68 63 99 95
178 177 108 80 98 95
127 178 156 85 83 97
67 143 190 122 70 85
68 114 173 153 105 81
172 143 139 107 155 155
227 144 143 93 77 140
233 153 139 171 98 66
168 154 139 169 185 104
78 142 157 147 186 189
183 192 164 139 146 188
228 201 109 153 126 133
238 198 47 98 164 141
244 211 69 38 153 160
217 203 95 73 151 169
140 211 173 180 148 174
100 148 149 214 130 164
77 114 152 210 125 150
187 200 203 208 154 143
208 191 168 165 170 164
170 153 146 162 167 178
155 167 195 225 184 171
147 235 249 239 194 168
172 238 246 221 201 176

20 13 7 7 0
24 12
216 167 141 104 51 59 84 91 83 73 51 41 42 45 44 43 42 33 32 37 55 72 78 122
214 189 197 68 63 99 95 84 76 68 67 52 40 44 40 41 33 18 26 58 70 75 146 202
190 178 177 108 80 98 95 83 74 68 60 59 53 38 26 19 12 30 59 72 100 153 202 214
91 127 178 156 85 83 97 92 75 56 59 55 52 30 13 19 37 61 86 114 176 198 200 200
42 67 143 190 122 70 85 97 89 68 53 48 42 24 26 48 85 115 177 205 205 198 191 202
59 68 114 173 153 105 81 85 98 93 66 40 44 64 86 123 167 201 219 208 200 194 194 205
107 172 143 139 107 155 155 98 70 78 81 72 93 133 179 214 220 211 195 196 199 201 199 194
143 227 144 143 93 77 140 122 97 127 159 187 211 211 210 206 195 194 197 196 196 204 193 142
138 233 153 139 171 98 66 141 188 203 208 202 207 190 184 179 183 185 186 190 178 146 99 40
68 168 154 139 169 185 104 51 84 86 91 82 85 104 130 142 137 138 135 112 83 37 39 81
55 78 142 157 147 186 189 94 8 9 26 49 58 56 75 76 77 67 54 45 60 93 163 211
175 183 192 164 139 146 188 210 92 34 26 36 51 58 73 72 70 83 106 142 189 218 231 232

16 8 7 7 0
9 8
225 223 172 99 50 34 23 39 44
208 225 233 216 135 70 36 14 28
202 202 207 234 236 204 118 61 30
199 204 207 210 224 238 223 169 118
190 203 207 203 205 208 225 229 218
187 195 199 195 198 189 183 192 201
130 153 166 175 169 152 138 112 112
54 76 96 113 121 114 82 62 49

1 29 7 5 1
22 31
55 53 69 85 72 16 23 26 23 15 10 19 35 31 51 38 7 174 174 123 80 164
80 62 51 37 25 36 15 28 21 25 29 30 23 15 54 64 24 145 105 50 149 64
34 20 20 6 12 39 41 54 86 76 39 17 31 53 14 82 29 146 126 54 71 81
24 6 23 20 19 44 113 255 255 255 194 75 58 71 29 38 23 124 128 24 66 52
27 8 19 27 43 40 97 255 244 255 255 60 36 81 11 32 5 104 167 107 110 52
31 12 6 9 48 83 137 255 255 255 232 80 83 14 40 12 20 158 255 135 88 151
28 12 0 7 16 53 116 255 255 255 195 69 7 33 7 12 17 224 255 68 89 99
25 16 13 14 11 21 26 101 142 47 67 74 35 7 3 101 246 255 255 65 140 80
37 28 11 17 18 9 4 61 187 255 207 223 180 147 255 255 255 255 183 65 140 195
49 50 41 42 22 32 48 169 255 232 155 208 255 255 255 255 192 99 48 25 43 133
30 27 30 52 45 49 111 245 255 216 161 114 151 164 153 80 14 24 52 83 81 56
37 17 11 15 13 140 255 255 246 255 158 85 75 28 20 71 84 46 26 63 73 109
26 8 15 25 30 255 255 125 83 154 15 82 72 93 52 17 84 149 149 132 80 2
29 10 19 7 167 255 228 98 60 189 104 125 70 49 95 82 18 82 148 152 114 162
16 7 32 163 255 255 91 97 63 131 54 21 12 31 152 174 255 249 255 255 176 63
37 36 235 255 255 143 40 46 98 78 50 21 77 151 184 236 195 144 127 167 175 98
99 121 255 255 46 29 88 92 79 14 34 36 144 190 125 100 82 57 35 162 211 58
101 72 153 255 137 82 87 145 161 103 14 63 171 175 62 45 56 61 74 232 201 54
21 46 83 223 202 178 218 229 213 116 104 99 228 177 42 46 56 51 70 255 255 181
19 82 105 151 211 191 208 122 255 255 108 125 193 132 78 44 39 33 44 174 255 255
14 69 127 51 115 88 72 207 255 230 16 156 183 167 109 40 19 30 36 35 225 255
12 56 169 101 34 48 45 163 255 255 87 148 170 180 89 46 39 35 48 109 87 255
19 17 135 149 25 26 23 33 255 255 155 140 130 163 116 30 13 57 178 241 255 138
19 22 99 122 68 17 26 35 173 255 174 30 85 84 116 25 123 254 255 182 184 215
14 48 99 76 73 20 10 22 87 255 255 78 133 72 103 150 255 234 89 12 10 106
11 65 100 73 91 85 44 2 27 142 255 205 84 33 130 199 180 50 26 89 196 255
20 61 122 108 108 136 148 106 28 42 171 235 145 71 131 193 225 223 207 255 255 255
16 17 52 98 100 100 146 198 156 102 23 124 211 205 230 233 249 255 255 255 160 50
24 7 30 21 35 23 40 119 147 147 162 121 64 43 22 37 53 34 14 37 47 47
36 42 29 12 31 9 17 20 51 65 93 123 155 165 129 118 128 138 140 135 116 114
15 11 6 7 26 23 10 6 22 26 18 23 38 45 35 53 64 71 77 92 86 78

55 43 6 7 0
4 7
82 91 104 114
48 54 107 117
36 39 104 112
39 33 85 102
63 76 79 87
107 86 95 73
36 63 83 104

45 53 7 5 0
4 7
66 167 185 182
35 148 187 186
38 158 196 192
57 173 197 195
114 198 203 201
179 210 203 204
211 208 209 208

17 0 7 7 1
17 11
2 3 4 4 6 4 2 2 4 2 0 0 0 0 0 3 5
6 3 4 4 6 4 2 2 4 2 0 0 0 0 0 4 5
27 6 9 7 11 5 2 6 4 2 4 2 2 2 2 5 4
255 255 218 86 12 4 3 12 2 6 10 3 2 2 2 4 3
255 255 255 255 255 158 46 11 3 5 10 5 0 0 0 3 4
111 212 255 255 255 255 255 255 85 10 11 7 0 0 0 5 7
12 8 18 105 255 255 255 255 255 242 68 7 0 0 0 6 7
10 10 16 28 24 48 169 255 255 255 255 143 4 6 6 3 11
10 9 3 8 13 10 12 51 205 255 255 255 167 23 8 10 11
33 11 12 15 10 4 10 14 13 81 255 255 255 189 7 4 3
255 124 33 12 10 11 8 8 21 13 66 255 255 255 121 4 1

32 0 7 7 1
10 4
255 255 235 156 57 12 6 0 0 0
255 255 255 255 255 255 127 26 13 42
185 182 251 255 255 255 255 255 255 255
113 110 158 166 119 255 255 255 255 255

19 35 7 7 0
23 14
96 70 90 141 188 208 188 195 172 139 141 142 141 119 114 118 110 103 107 150 189 191 160
68 86 144 135 121 212 205 105 79 126 167 130 139 116 86 88 106 114 100 139 177 188 172
107 144 185 204 67 67 102 93 47 172 216 151 140 135 94 80 89 129 89 99 149 173 186
112 140 153 126 140 97 57 132 100 185 169 148 153 144 129 107 84 96 88 88 102 133 166
93 58 80 159 237 245 137 43 98 171 209 162 155 111 141 140 118 77 90 83 94 96 103
80 108 121 158 214 232 234 131 88 69 126 122 55 69 167 166 148 139 106 92 83 99 117
137 148 127 141 157 184 202 154 247 125 57 68 100 62 161 194 173 141 150 134 107 89 97
162 173 144 147 148 157 137 136 178 140 169 85 43 61 57 129 224 204 153 153 151 137 115
179 177 171 175 162 147 84 76 78 197 246 217 125 46 64 235 232 188 161 146 157 161 162
168 176 189 189 176 146 36 60 148 208 220 247 139 78 132 246 193 146 136 157 153 158 165
145 159 169 179 183 135 34 89 179 167 184 105 81 58 177 236 171 164 144 165 161 176 190
112 120 137 155 171 169 146 182 184 200 150 45 51 152 220 234 167 192 196 182 166 190 234
102 106 133 129 143 157 155 171 176 183 154 67 120 219 232 186 174 193 197 193 186 230 252
119 120 144 148 122 121 130 129 132 152 166 170 182 197 178 167 183 186 201 202 222 251 244

0 30 7 7 1
28 21
2 2 3 28 20 3 133 175 109 42 111 130 166 210 253 231 139 39 93 143 150 94 83 217 255 134 118 192
2 2 2 29 36 16 26 110 77 35 72 67 53 59 84 121 105 87 112 255 253 220 255 241 95 42 102 140
2 1 1 38 35 14 4 16 30 52 74 72 85 176 236 153 54 175 151 63 177 105 74 35 76 72 29 225
1 1 2 39 38 24 33 50 65 70 78 77 206 255 189 87 92 94 224 140 143 169 138 54 89 26 172 237
0 0 2 39 48 19 49 85 69 54 89 134 255 255 91 139 155 65 125 90 93 140 136 190 100 169 255 156
1 1 2 44 81 37 37 123 90 86 134 230 255 124 83 35 127 120 151 48 61 74 161 25 191 172 141 90
2 1 2 59 132 56 45 109 79 104 185 255 128 77 143 121 28 77 69 45 53 58 55 239 255 83 202 255
2 0 4 58 137 38 83 94 137 25 160 154 53 126 104 150 91 27 35 49 26 32 128 217 109 141 156 215
2 0 4 60 144 78 133 46 114 126 161 156 84 157 105 100 146 87 72 96 85 68 123 219 237 19 255 255
2 1 0 52 123 134 35 78 68 175 255 255 157 215 191 105 191 119 29 61 74 90 84 92 151 250 255 255
1 1 2 47 99 150 116 124 63 242 255 158 62 240 255 128 236 119 33 47 34 109 154 165 180 221 255 76
1 1 3 41 60 46 28 13 60 182 255 255 90 168 255 206 199 122 69 32 188 245 221 119 55 111 194 206
4 3 6 47 74 39 30 95 163 168 232 243 177 50 130 163 118 74 68 194 245 200 129 99 106 73 21 121
4 2 5 59 75 17 22 127 213 185 209 126 61 134 48 55 29 124 252 207 134 106 56 35 76 92 88 201
1 4 4 58 69 22 17 115 181 126 109 51 46 151 198 187 163 239 252 104 36 98 104 65 31 24 96 255
3 2 1 54 84 36 17 80 243 199 86 65 116 161 213 224 201 147 120 23 77 44 136 157 141 87 69 255
4 1 4 52 115 77 53 18 171 255 177 159 197 185 170 150 224 164 41 52 74 78 72 145 144 134 60 156
2 5 2 43 156 202 192 160 12 182 188 204 169 99 106 83 123 181 173 83 43 76 43 63 58 44 98 84
0 3 3 15 187 255 37 173 195 162 65 63 29 30 39 17 39 73 147 194 169 128 80 62 63 24 38 62
0 0 0 0 91 255 255 224 115 23 81 208 247 191 159 128 58 10 43 109 164 133 91 41 56 50 48 38
0 0 0 0 5 53 143 242 255 255 255 189 90 61 37 67 81 40 33 54 120 116 80 74 44 13 41 55

28 3 6 7 1
31 31
18 13 116 255 255 232 129 80 25 48 112 131 144 145 95 103 88 10 7 6 4 10 7 2 2 7 7 6 7 6 9
71 234 255 255 255 126 73 34 65 141 188 204 157 47 23 112 93 8 5 7 5 12 8 4 9 6 10 12 9 14 15
255 255 255 196 60 37 28 84 199 214 220 139 17 63 34 113 92 7 12 10 4 12 7 7 10 6 13 14 11 14 9
255 255 100 12 6 20 120 234 240 173 92 33 75 70 60 175 97 7 4 7 3 11 6 6 5 4 8 8 7 8 10
166 52 22 14 45 166 255 255 165 56 25 41 33 112 77 245 135 12 2 5 10 17 13 10 8 8 7 4 8 6 13
134 96 38 98 230 255 255 143 24 37 21 5 56 152 51 255 203 30 6 14 11 12 10 7 7 7 7 5 10 16 19
89 135 154 255 255 255 97 37 69 32 18 12 85 149 42 243 255 155 38 58 22 10 8 3 3 5 7 5 14 21 18
12 164 255 255 187 13 96 90 46 4 14 16 105 149 37 104 255 229 42 71 58 23 10 2 2 6 6 5 14 16 11
195 255 213 32 104 136 91 38 15 14 14 15 138 140 65 208 255 181 132 37 48 54 11 4 4 8 8 9 11 10 9
229 105 77 179 156 84 32 21 18 26 43 101 188 113 164 255 133 63 144 170 66 48 18 5 4 9 12 12 6 10 16
15 139 138 100 62 30 26 33 60 111 161 184 162 27 225 207 49 60 14 116 105 49 25 5 6 11 13 10 5 12 20
196 153 75 55 48 44 61 93 154 194 168 80 69 197 255 186 46 72 70 92 51 15 14 5 10 13 9 8 7 16 21
162 112 85 84 87 99 129 144 130 45 104 255 255 255 236 101 14 37 22 53 22 6 6 2 9 10 4 11 14 15 20
38 71 71 74 71 62 43 19 124 236 255 255 215 115 51 21 15 56 20 51 12 10 9 6 12 11 5 14 15 12 19
26 32 23 10 47 121 174 221 255 248 180 96 23 24 18 23 70 159 119 108 7 16 15 13 17 16 8 13 14 13 22
85 116 138 148 186 244 222 174 146 79 35 8 16 30 46 88 185 250 220 196 12 13 9 6 10 13 7 11 15 16 20
231 199 171 154 164 149 83 37 26 18 10 28 68 99 126 129 124 105 128 217 35 11 10 2 5 10 5 8 16 19 19
138 71 36 46 44 32 41 22 33 22 98 163 128 54 45 91 148 218 133 170 54 14 13 9 14 15 8 8 16 19 20
93 51 16 28 34 63 98 52 133 141 148 43 172 255 241 167 123 158 69 131 100 20 16 13 18 13 8 10 16 19 20
101 73 70 99 147 139 198 156 92 90 188 255 255 234 110 82 73 77 133 152 189 19 10 7 7 3 6 15 22 27 24
80 60 42 41 18 71 138 187 255 255 255 152 67 159 177 100 48 51 153 65 225 52 7 8 2 4 12 19 23 26 18
86 115 169 202 195 255 255 255 227 30 175 229 213 145 46 44 73 43 161 66 183 92 9 10 6 10 17 18 17 16 10
147 122 165 142 137 135 105 173 252 254 220 112 13 34 49 151 124 62 79 114 115 125 13 13 6 8 16 18 15 13 12
46 112 159 111 106 104 185 230 134 64 30 21 21 134 218 184 97 64 26 110 97 111 10 12 3 5 14 15 11 12 15
119 144 124 210 113 118 70 49 73 40 115 162 166 185 116 54 89 57 2 62 87 90 8 9 7 13 18 13 13 19 18
46 76 16 130 44 147 129 116 206 224 137 91 40 49 87 110 96 39 16 15 49 38 32 32 22 12 15 14 22 25 13
68 112 122 137 79 219 149 193 216 87 70 110 95 82 65 65 57 28 23 19 24 28 29 45 56 9 16 14 22 22 8
70 84 24 70 145 176 91 26 82 139 142 62 25 52 49 40 25 14 18 20 27 49 62 67 85 22 29 9 16 18 7
79 139 135 113 49 144 185 161 145 107 105 58 29 69 50 39 23 16 3 24 44 57 224 214 249 59 71 10 18 16 6
88 72 20 40 38 84 139 131 106 85 87 60 47 88 73 60 71 84 71 13 38 63 255 250 255 158 145 50 21 14 11
89 83 76 76 61 62 80 60 22 22 26 35 46 140 154 115 106 87 89 49 15 21 250 169 255 255 93 70 13 11 19

44 31 7 7 1
14 11
20 1 1 3 3 18 20 24 11 3 5 10 9 3
42 21 16 16 5 6 11 13 4 3 4 5 6 4
148 123 72 1 10 3 7 12 3 8 9 7 14 2
155 192 172 79 7 12 12 14 5 13 17 5 17 5
24 107 179 162 74 15 7 10 10 23 6 16 14 11
37 9 102 204 156 85 41 10 10 23 12 14 6 9
51 44 36 139 130 122 140 39 12 17 14 13 11 5
83 60 14 116 38 84 217 101 20 14 11 13 12 6
24 9 39 116 68 75 204 163 17 12 16 14 10 8
44 48 20 74 72 37 161 228 141 86 34 18 6 9
50 65 49 29 16 24 65 140 190 187 97 9 18 3

1 47 7 5 0
4 13
255 251 246 242
255 251 254 226
255 253 251 197
255 254 242 238
255 251 238 193
255 251 244 115
255 251 253 158
255 254 250 235
255 255 254 247
255 252 246 252
255 255 255 240
255 252 250 255
255 255 255 255

47 41 5 6 1
13 18
93 204 76 19 14 38 61 19 58 249 185 58 44
90 169 132 35 56 52 12 56 67 224 139 30 17
165 109 120 37 16 39 62 33 150 255 125 36 17
53 84 99 81 97 62 30 186 255 255 43 33 2
70 111 76 43 78 70 237 255 171 62 79 23 45
152 34 159 255 255 205 221 119 255 247 249 51 49
137 242 255 255 255 233 109 255 255 192 255 92 62
255 255 197 44 255 255 228 104 230 255 255 60 51
101 10 202 255 255 188 129 247 255 255 76 59 32
214 255 255 212 57 88 172 105 101 255 210 54 34
253 214 125 11 31 55 125 206 214 255 255 18 44
137 73 17 34 73 140 181 171 75 255 255 31 61
85 56 32 32 63 55 39 97 246 255 236 31 43
62 63 57 44 18 63 156 247 255 255 110 72 54
78 46 23 112 177 205 255 255 255 182 20 79 32
255 252 193 255 255 255 255 218 107 32 99 69 31
240 255 253 255 217 112 55 16 70 101 84 29 13
29 53 83 40 56 90 89 111 74 49 38 17 13

0 7 7 7 1
20 28
6 9 4 3 10 26 242 248 58 30 82 201 224 161 75 28 13 8 12 10
5 9 9 6 2 23 237 255 119 136 19 77 159 233 192 79 20 9 12 23
5 8 12 13 13 74 255 255 112 167 98 15 9 116 212 167 75 24 20 41
7 11 10 15 17 146 255 255 18 97 131 61 16 42 149 219 190 123 119 184
6 11 9 19 20 233 255 159 52 33 94 94 52 30 12 110 186 167 121 137
11 18 27 31 33 255 255 110 67 40 80 74 11 58 76 73 21 61 73 44
11 21 43 29 33 255 255 125 116 73 125 118 50 81 76 105 128 92 28 28
2 18 50 26 27 255 255 90 46 24 98 136 152 176 153 126 155 178 186 163
4 21 51 30 22 255 255 57 14 37 53 10 69 100 107 102 142 161 155 131
14 29 62 42 18 255 255 62 9 45 114 131 210 217 169 133 85 41 49 8
14 31 61 55 27 238 255 119 51 76 174 196 199 255 255 221 255 248 195 157
5 26 62 62 47 194 255 229 126 39 197 216 122 34 134 142 181 240 239 243
7 17 60 75 66 179 235 111 132 126 77 135 217 200 107 97 113 84 72 46
6 7 46 78 119 255 255 180 119 96 168 204 165 125 14 44 67 69 92 73
1 5 31 70 159 255 193 46 154 255 202 36 98 107 138 85 55 38 33 25
1 4 21 62 191 255 196 118 48 105 249 255 255 255 222 225 211 199 194 193
2 7 17 61 185 255 179 88 51 28 64 145 211 255 218 220 178 174 174 172
4 6 11 66 186 225 233 205 75 21 57 106 82 137 41 66 58 62 40 31
11 8 0 98 204 115 151 255 210 90 45 59 99 157 82 83 43 47 17 93
16 14 10 129 190 78 52 137 226 255 144 149 196 114 41 101 74 79 49 58
16 16 26 171 255 209 169 102 13 136 185 230 213 249 168 228 254 207 235 255
10 19 48 216 255 255 211 202 216 137 34 73 35 152 165 174 196 197 226 251
18 28 70 228 255 155 56 50 172 251 249 237 155 140 168 126 102 89 122 226
41 53 103 228 204 175 107 65 29 109 175 255 255 243 255 217 227 215 241 226
43 62 113 223 131 147 154 77 45 87 111 104 122 78 88 16 49 17 39 46
48 55 95 198 78 101 255 198 125 103 202 145 126 107 157 113 82 118 100 93
50 48 73 172 90 24 137 255 144 102 144 112 53 34 79 118 87 139 107 131
17 25 43 153 127 60 36 103 157 121 118 150 194 156 154 221 172 135 98 113

0 3 7 7 1
31 9
1 9 14 26 57 200 201 24 37 74 66 73 69 58 59 73 166 255 255 255 182 79 73 47 29 18 10 60 236 154 62
2 8 15 26 74 217 184 18 47 116 118 109 96 89 87 83 98 146 255 255 255 192 55 31 16 14 17 78 255 176 155
4 5 12 19 61 228 209 25 40 123 146 100 67 62 59 65 78 103 140 227 255 255 181 39 5 7 15 140 255 238 253
7 1 9 12 33 221 218 23 29 122 168 68 15 18 14 15 17 37 88 131 203 255 255 166 40 7 15 218 255 217 208
9 4 3 10 26 242 248 58 30 82 201 224 161 75 28 13 8 12 10 64 125 209 255 255 134 43 46 255 255 118 81
9 9 6 2 23 237 255 119 136 19 77 159 233 192 79 20 9 12 23 22 93 143 147 195 176 89 103 255 255 72 63
8 12 13 13 74 255 255 112 167 98 15 9 116 212 167 75 24 20 41 167 252 219 173 102 95 101 166 255 228 50 41
11 10 15 17 146 255 255 18 97 131 61 16 42 149 219 190 123 119 184 255 189 88 54 20 55 71 234 255 141 41 48
11 9 19 20 233 255 159 52 33 94 94 52 30 12 110 186 167 121 137 123 45 6 16 94 142 167 240 255 52 23 34

23 33 7 7 0
10 5
163 163 158 155 153 152 147 135 106 73
161 161 160 156 152 150 148 145 113 61
164 164 165 162 146 161 142 149 105 48
162 164 163 158 161 152 139 104 82 67
157 164 166 167 165 141 87 68 141 177

0 7 7 7 0
15 16
196 190 182 199 201 209 212 234 209 171 105 93 131 144 138
194 188 183 195 196 204 209 207 179 123 88 120 121 136 127
220 206 209 186 191 191 207 204 177 187 191 198 159 151 137
168 212 192 157 191 188 209 206 204 234 225 225 223 223 214
189 139 145 138 186 183 215 213 203 205 213 204 204 197 193
251 167 95 126 175 177 215 228 199 177 179 167 177 168 169
226 123 91 102 165 175 197 233 208 176 148 143 129 131 139
156 98 100 88 147 168 192 231 217 191 147 139 121 116 116
120 110 108 110 113 167 134 193 220 199 157 122 126 114 105
116 104 102 109 86 142 73 105 207 181 140 107 109 104 108
111 107 102 102 98 116 84 63 129 118 101 102 80 93 83
109 106 100 102 104 92 82 59 47 50 52 69 53 63 67
107 105 100 98 104 82 79 65 60 56 47 47 42 37 41
105 104 101 99 98 88 60 58 66 60 59 60 64 64 75
103 103 101 97 94 93 56 50 50 45 49 51 77 73 82
101 102 101 94 92 95 74 56 48 44 45 47 86 79 88

0 19 7 7 1
8 25
18 15 17 13 10 36 73 73
19 13 12 12 10 26 75 85
20 12 8 16 21 14 77 94
21 11 6 12 18 12 47 107
20 10 7 9 19 16 16 74
18 9 9 16 18 17 17 57
18 6 7 11 2 7 12 55
22 11 7 8 5 12 8 37
23 19 10 9 12 14 5 13
19 24 17 25 21 12 8 12
15 11 11 17 13 13 14 21
33 14 16 8 6 4 17 42
13 9 14 6 9 10 28 56
29 11 4 15 8 14 41 71
18 10 11 9 3 17 50 75
17 12 5 2 7 28 57 69
21 15 6 7 21 42 63 64
20 15 7 13 29 46 59 51
15 10 4 18 34 48 57 42
15 7 3 23 38 50 54 36
16 8 8 29 43 52 50 25
14 11 20 38 49 53 45 8
16 16 28 40 45 48 34 60
17 22 35 39 44 47 36 110
19 26 38 40 51 46 27 185

31 54 7 6 0
6 5
79 95 111 129 132 143
59 61 71 76 85 100
83 72 68 69 72 71
121 119 112 110 107 103
137 137 139 138 128 129

36 0 5 7 1
24 27
13 12 16 20 15 20 28 17 30 23 23 26 12 14 14 13 18 15 22 18 11 17 18 15
13 3 13 9 5 8 21 16 16 12 13 24 17 21 12 9 17 13 19 22 16 18 19 12
15 11 15 10 17 22 23 19 19 18 5 15 12 19 18 12 13 10 6 12 7 9 13 14
11 12 4 5 26 43 61 55 18 19 7 16 14 19 17 19 8 3 7 8 3 8 7 14
14 34 74 95 126 105 52 114 79 9 12 14 8 10 2 11 8 8 8 3 3 4 3 9
81 116 165 189 206 255 143 71 160 83 21 9 17 8 10 6 3 8 15 10 15 12 10 7
146 143 152 146 123 255 255 140 198 212 12 41 22 17 12 8 3 2 9 17 21 17 19 9
127 113 115 74 83 239 255 255 193 255 55 81 2 8 5 6 9 8 5 15 11 8 21 20
97 108 84 40 255 255 255 255 224 255 105 141 77 74 67 37 13 24 13 14 0 3 9 17
74 29 113 255 255 255 255 109 255 255 173 192 147 125 132 124 46 12 13 11 6 4 6 7
59 216 255 255 255 255 144 124 255 255 95 104 197 176 98 106 151 45 5 7 7 4 3 5
255 255 255 255 255 103 65 255 255 234 255 255 255 255 255 183 164 128 6 11 6 5 5 6
255 255 255 179 37 73 255 255 173 255 255 255 255 212 255 255 19 202 21 11 6 7 8 9
255 255 120 25 48 242 255 255 184 255 255 144 65 31 255 255 134 217 42 11 1 3 4 9
160 56 10 12 93 255 255 55 255 255 67 31 43 58 199 255 160 205 43 10 11 9 4 7
18 13 14 10 138 255 185 255 255 255 25 207 253 255 255 255 55 219 35 2 9 6 14 13
21 3 5 37 245 255 92 255 255 134 188 255 255 255 255 191 133 157 22 8 15 14 18 7
45 75 129 239 255 255 215 255 122 19 252 255 255 119 67 160 162 55 6 16 19 15 8 5
236 255 255 255 255 27 255 255 34 11 255 255 186 219 186 123 42 6 8 6 5 10 8 8
255 255 158 63 245 255 255 184 14 15 213 255 174 186 76 24 6 5 10 4 10 5 5 8
103 223 255 255 255 255 166 47 14 11 159 255 209 163 68 13 2 11 9 4 14 7 3 1
255 255 255 233 117 40 9 3 11 20 118 255 255 117 95 11 6 9 3 5 15 8 7 2
183 136 81 40 15 3 7 2 18 60 87 255 255 46 114 10 7 13 2 7 14 7 8 8
17 8 7 6 3 2 4 3 23 60 40 206 255 140 149 38 12 22 8 7 9 3 9 12
26 30 29 19 8 10 6 7 16 57 48 116 255 255 134 85 30 23 11 5 4 5 4 5
42 11 14 19 16 10 2 10 15 30 30 32 255 255 62 109 38 8 9 3 1 9 8 10
50 33 34 29 14 5 5 10 13 13 93 67 176 255 143 121 66 5 6 3 6 6 9 10

31 40 7 7 0
16 5
95 114 155 154 125 93 78 54 25 33 92 140 147 146 147 119
101 103 125 142 136 107 105 94 69 57 104 133 143 141 140 135
128 124 124 129 130 116 117 108 85 98 133 126 116 126 132 137
154 146 141 129 131 127 124 117 106 131 153 146 120 112 111 122
174 163 156 139 142 137 129 127 128 137 145 163 148 113 86 99

21 4 7 7 1
29 11
84 104 76 161 152 38 92 255 255 242 50 59 63 42 15 27 63 109 119 76 18 8 9 5 11 4 1 5 7
134 131 83 151 192 149 79 76 255 255 255 96 24 52 64 121 168 212 205 119 27 12 2 5 11 4 3 5 9
47 48 71 148 226 235 205 129 46 255 255 255 175 108 177 158 128 105 69 3 58 19 14 7 9 7 6 3 5
27 18 28 62 161 241 255 235 174 19 233 255 255 180 169 48 56 105 129 84 103 61 36 16 4 6 3 6 13
61 44 23 20 43 141 229 255 246 215 113 126 255 251 126 38 61 115 122 73 53 49 43 16 12 9 9 5 15
48 28 21 24 15 38 126 218 244 220 239 195 66 116 209 125 229 255 214 193 102 75 33 8 5 2 6 6 8
53 24 20 14 17 17 40 115 200 205 169 182 241 195 116 23 127 178 215 207 20 31 5 6 8 10 4 0 9
117 41 24 42 28 10 11 39 114 189 160 60 70 166 222 175 197 255 237 74 80 39 13 9 6 1 9 5 19
154 78 18 13 30 39 34 19 18 109 181 125 46 79 90 137 166 133 190 255 104 69 9 10 7 4 6 10 17
213 160 71 17 13 4 32 47 46 12 122 199 86 113 98 50 21 255 255 130 123 85 15 5 9 6 1 8 7
234 227 165 82 17 28 10 18 51 51 14 135 173 12 164 198 255 255 222 70 119 72 12 8 6 9 0 7 8

30 8 7 7 0
14 11
23 24 34 28 19 15 19 30 56 99 153 225 252 249
36 26 40 37 36 42 60 85 124 195 235 246 246 228
79 49 40 33 49 66 89 176 230 242 247 242 241 167
62 39 42 51 85 148 188 231 242 238 239 225 151 88
46 62 94 141 178 220 234 231 234 234 232 154 62 33
103 139 195 232 243 238 225 230 235 246 200 77 46 50
209 223 235 233 229 223 224 226 232 242 169 53 89 132
221 222 215 216 221 228 232 228 244 239 146 73 149 229
195 196 204 212 215 223 219 223 215 185 73 70 182 242
171 180 182 193 200 192 176 149 94 53 28 71 200 246
113 116 118 106 89 71 48 36 53 100 147 195 238 246

3 41 7 7 1
4 5
42 66 255 254
29 119 255 193
23 133 255 229
25 211 151 227
27 255 235 250

30 44 7 6 1
26 15
255 243 54 69 69 249 255 170 34 21 69 214 253 47 170 141 255 255 100 143 214 179 92 91 11 19
253 51 231 112 25 255 216 80 7 52 127 221 255 149 200 44 159 158 249 255 255 156 49 132 73 18
250 44 139 176 67 255 113 25 11 62 118 210 255 141 235 151 255 191 174 6 139 247 177 156 112 31
255 104 115 189 137 255 102 36 26 61 105 251 229 74 105 69 172 181 176 255 255 210 102 176 128 23
59 148 54 54 255 255 70 37 48 133 196 255 110 176 82 70 255 255 188 137 56 14 71 212 156 14
231 182 156 175 255 71 47 136 255 255 255 142 110 143 179 227 255 186 38 9 3 18 65 218 212 51
183 99 117 188 124 171 243 255 200 42 54 74 126 47 100 255 255 74 9 1 7 4 11 166 213 71
79 144 67 138 156 208 68 128 255 255 255 85 48 93 155 255 188 27 9 26 27 29 29 200 247 76
83 83 64 79 56 228 255 255 244 97 222 71 57 27 255 255 64 32 36 38 25 28 85 255 239 66
116 50 116 255 255 255 187 51 30 45 214 224 141 255 255 84 12 44 62 65 95 148 247 255 184 40
128 200 255 255 171 27 34 19 9 24 103 211 197 228 53 111 154 189 207 225 255 255 255 191 82 13
255 59 105 137 29 42 22 20 18 54 73 95 98 163 242 255 255 255 240 212 187 133 74 23 8 11
150 94 106 113 33 96 96 140 221 245 233 243 255 255 209 167 141 104 57 18 9 18 15 23 30 21
148 79 91 170 227 255 249 255 255 230 176 161 140 68 36 17 8 6 14 15 12 3 1 11 16 9
230 241 248 242 228 211 180 135 86 35 24 21 10 15 21 13 5 2 10 27 36 23 13 20 30 30

20 39 7 7 0
11 8
26 27 29 52 43 25 54 86 75 80 57
31 27 27 30 36 33 82 171 157 63 52
40 38 32 45 72 33 76 148 98 42 55
41 38 37 50 52 81 101 71 33 40 62
38 38 43 47 62 100 98 52 37 45 60
39 38 39 49 80 100 65 26 53 40 47
42 40 40 61 93 82 41 22 46 59 52
45 41 48 88 93 51 30 33 45 55 63

2 48 7 7 0
8 9
178 46 24 80 230 108 111 206
241 210 120 139 220 55 57 92
201 238 236 235 196 60 73 59
181 187 210 228 234 219 161 74
171 190 162 169 199 226 236 232
195 210 176 188 195 188 191 208
250 233 175 185 203 205 202 208
235 245 236 230 230 227 215 211
194 169 186 208 224 222 215 217

17 0 7 7 1
24 10
103 74 57 37 21 60 85 87 75 62 68 64 66 47 47 45 49 41 38 35 68 61 43 54
53 27 14 48 74 50 51 96 100 83 74 66 55 38 41 52 36 31 92 138 139 69 36 40
56 44 31 21 48 77 118 159 123 58 40 33 17 11 9 22 116 190 162 102 44 72 81 85
69 57 23 30 22 18 23 106 163 112 28 30 19 16 10 107 196 125 22 30 24 72 44 63
55 34 52 67 75 70 21 13 55 120 59 6 22 64 142 190 104 25 22 43 59 100 92 83
101 62 34 31 32 58 78 41 38 154 143 79 100 184 222 117 45 8 60 59 44 59 46 64
137 124 109 67 28 4 55 72 22 82 109 28 106 193 109 58 45 63 63 21 8 50 132 208
67 60 91 119 94 62 7 63 25 32 99 47 168 173 40 90 11 76 15 52 76 106 175 159
34 37 55 102 120 108 68 37 53 16 89 46 191 110 83 88 33 54 53 118 120 130 145 77
21 34 44 58 80 80 85 4 68 15 73 22 183 53 104 57 63 15 122 155 129 136 108 32

49 1 7 7 0
7 6
252 249 248 248 249 249 248
249 254 252 246 251 250 249
253 255 253 250 250 250 249
253 255 253 253 249 250 249
240 254 254 251 250 250 249
224 254 252 246 251 250 249

18 42 7 7 0
19 5
73 84 78 29 67 44 22 76 92 112 126 113 107 114 88 64 33 35 49
94 74 21 36 27 24 27 43 158 176 145 128 114 96 79 114 98 52 38
68 26 41 28 44 30 55 117 200 228 191 142 133 68 60 87 110 118 79
41 41 35 49 99 72 112 133 164 213 194 166 118 40 75 51 55 87 87
18 39 62 89 67 88 117 119 131 156 192 147 99 34 43 63 24 43 96

23 0 7 7 1
7 10
58 53 34 16 4 20 26
58 46 27 14 10 12 32
18 13 7 4 13 40 83
14 5 7 32 72 104 97
16 22 48 94 101 61 9
40 75 89 72 16 41 59
90 90 37 15 52 60 54
100 39 16 32 39 25 13
86 53 54 52 53 47 45
92 81 83 48 34 38 48

0 26 7 7 1
21 30
9 4 6 1 11 10 10 7 10 13 9 13 9 13 9 10 11 6 3 40 68
4 6 4 9 8 3 4 4 5 9 7 9 5 6 8 10 9 8 2 6 26
6 1 4 4 11 8 5 2 7 14 3 12 10 11 13 18 8 14 16 6 24
1 6 4 5 4 5 6 9 11 5 9 6 17 16 10 22 21 17 20 19 89
3 2 5 2 8 10 7 5 8 8 4 12 9 23 44 39 21 20 35 87 132
2 7 10 10 7 5 7 4 6 6 7 44 86 101 70 74 76 87 95 93 53
5 12 6 15 11 11 18 13 7 9 62 111 58 51 221 195 149 28 124 255 255
3 10 1 8 7 6 12 25 29 58 125 69 255 255 255 255 255 255 255 255 255
5 12 4 2 6 6 31 60 56 68 41 255 255 255 255 255 255 255 255 255 56
8 17 6 7 3 15 67 9 229 241 255 255 255 80 16 39 108 99 109 13 20
7 15 4 8 10 28 37 199 255 255 192 255 108 42 54 52 19 17 16 33 11
5 10 5 18 1 38 47 255 255 255 112 255 77 17 13 12 22 17 26 50 62
11 9 44 25 166 170 100 255 255 255 158 255 134 48 53 59 41 14 26 16 67
4 12 89 97 255 255 244 255 255 255 255 255 247 6 39 27 36 30 28 24 30
6 17 104 202 255 225 255 255 231 203 255 191 255 66 50 4 19 39 25 32 16
16 22 113 229 255 69 255 255 214 89 255 235 222 54 79 9 23 56 35 50 54
37 39 107 187 255 161 165 198 131 42 184 162 113 9 88 28 22 65 37 79 56
24 55 91 236 255 255 120 15 16 19 24 33 75 37 82 57 11 82 21 101 28
21 75 34 255 255 125 255 148 60 35 36 38 42 69 71 90 7 61 73 74 62
40 78 18 255 255 132 131 238 153 106 147 158 146 177 135 168 36 29 113 19 79
52 88 62 255 255 162 181 57 124 73 73 28 40 116 113 255 140 57 71 23 65
73 99 115 255 255 126 187 180 46 18 34 98 120 196 133 165 182 82 62 23 19
85 121 169 89 255 255 73 112 105 25 69 93 117 27 187 72 129 61 94 52 73
44 97 174 109 255 255 255 175 178 117 119 101 133 214 198 101 213 76 11 124 200
4 37 99 180 45 255 255 255 234 201 196 227 211 219 225 218 255 255 255 255 160
4 3 20 87 144 89 65 197 208 192 225 220 236 227 220 245 255 255 255 255 255
6 6 9 13 47 102 126 79 19 32 49 48 26 62 91 125 129 157 232 255 255
11 5 3 11 9 11 29 56 74 84 103 116 128 134 140 149 159 146 90 33 66
10 18 19 11 15 19 14 22 29 31 51 66 70 82 108 121 134 167 183 187 176
13 9 15 15 20 23 18 16 22 16 25 37 26 35 50 46 42 49 58 83 112

1 5 7 7 0
7 6
218 220 223 226 229 230 230
217 220 223 227 229 230 230
217 221 223 227 229 229 230
217 219 221 224 226 227 228
216 218 220 223 225 226 227
216 218 220 223 226 226 227

21 0 7 7 0
27 10
51 52 50 50 52 54 55 67 54 69 60 54 59 45 54 56 57 56 53 52 52 54 51 50 49 46 45
51 52 51 51 52 54 58 60 62 65 57 58 64 55 51 61 56 56 53 52 52 54 50 50 49 48 47
51 51 51 51 51 53 53 70 188 228 187 116 72 58 60 60 59 56 53 52 52 54 51 51 50 49 49
51 51 52 52 51 53 54 86 130 122 171 200 207 144 55 62 58 56 53 52 52 54 54 53 52 49 48
51 50 53 52 51 52 54 71 70 113 103 68 112 195 100 64 53 56 53 52 52 54 57 56 52 49 47
54 57 41 60 50 59 47 58 42 73 102 36 43 88 44 98 67 58 61 66 68 68 62 48 58 50 44
55 56 53 58 58 92 107 53 26 35 83 95 78 19 13 29 101 100 84 68 60 62 68 68 63 48 57
55 53 52 48 111 63 91 63 27 12 39 87 74 8 11 45 53 26 43 67 84 83 63 47 64 50 47
54 57 42 49 86 84 56 65 28 13 17 47 80 32 39 40 32 77 104 107 99 109 109 70 40 67 53
86 86 100 117 54 111 62 48 29 21 6 2 24 52 55 17 81 100 101 98 92 88 88 74 64 84 78

16 45 7 5 1
18 15
87 195 199 81 99 123 119 142 161 153 146 113 105 144 242 255 255 138
190 217 102 24 21 45 35 46 128 174 169 96 17 134 255 255 98 26
156 65 34 15 5 14 3 111 227 197 129 40 94 251 254 116 9 80
76 96 89 69 38 15 13 167 241 126 58 45 194 255 125 22 36 106
21 35 64 81 80 67 47 199 157 101 102 111 216 207 51 36 85 97
57 46 39 38 50 67 51 143 127 45 96 148 246 138 6 40 103 83
72 72 66 49 38 39 39 78 144 72 59 131 157 44 11 58 116 58
157 114 85 63 51 47 52 29 59 87 84 97 76 50 46 102 93 35
255 244 208 155 95 51 34 28 20 7 16 20 47 75 107 72 35 54
209 249 255 255 255 192 127 77 46 35 20 32 18 35 37 8 10 26
98 127 174 239 255 255 255 255 206 167 151 129 71 32 28 52 42 45
46 58 72 95 146 209 255 255 255 255 255 255 255 240 213 187 150 96
14 21 30 35 45 68 102 145 192 234 251 246 255 255 255 255 255 255
3 5 9 14 13 14 16 24 44 79 113 130 137 147 159 167 202 254
4 4 2 3 3 7 7 12 16 14 10 16 24 27 33 37 42 36

36 44 7 7 0
16 8
179 188 166 126 118 154 161 164 199 239 238 192 92 55 147 206
176 155 131 115 127 138 181 211 222 205 149 86 33 21 122 227
190 163 125 109 144 191 217 176 148 96 50 35 88 133 206 237
212 188 170 174 206 232 183 93 57 41 48 114 189 234 226 180
226 226 220 212 191 153 85 49 71 97 147 200 218 218 198 193
239 230 202 123 62 27 22 66 138 176 206 217 207 200 217 237
184 177 162 119 49 39 92 145 186 205 209 206 209 215 228 244
126 137 146 141 116 141 196 218 220 226 227 224 226 223 241 240

23 0 7 7 0
14 10
168 166 164 93 102 208 188 190 190 189 187 190 193 201
175 167 165 95 121 208 186 190 191 191 192 195 197 192
172 167 164 103 134 206 187 190 194 198 199 188 170 150
176 172 166 114 140 203 187 197 207 207 157 107 73 95
172 171 168 111 148 210 201 211 188 138 60 15 26 98
164 168 146 91 157 216 206 175 100 31 7 29 96 170
165 161 129 92 179 214 152 76 12 0 37 124 200 232
169 165 150 107 155 132 53 16 10 58 137 219 241 234
173 178 173 103 78 39 7 16 72 152 213 240 226 226
196 160 119 59 22 10 32 106 177 210 217 225 228 209

12 53 7 5 0
26 7
141 91 44 42 48 53 53 47 52 42 39 46 43 33 18 42 81 84 101 111 106 111 121 121 108 73
78 34 14 23 32 31 29 32 31 28 26 27 26 24 17 19 29 48 68 77 84 95 96 94 96 81
35 15 17 22 25 23 19 16 12 9 8 9 8 6 4 4 6 12 18 25 35 47 53 58 65 62
46 46 45 42 40 40 36 29 21 18 16 18 18 17 17 16 14 11 7 5 8 11 11 12 15 16
64 62 60 56 53 55 53 48 46 44 43 45 45 44 43 44 43 39 36 31 28 25 20 17 14 16
70 68 65 62 60 61 61 61 62 59 58 60 61 60 59 58 57 56 56 56 56 56 55 53 51 50
74 73 74 72 70 69 68 70 66 63 63 65 66 65 63 63 61 63 64 65 69 73 76 75 74 74

31 39 7 7 0
20 9
83 91 87 110 34 16 19 23 33 61 170 225 231 200 182 110 101 48 58 63
93 72 85 80 28 21 24 30 50 73 95 158 210 227 156 50 94 59 76 47
128 82 66 49 65 30 33 63 62 69 76 95 151 158 53 39 81 116 68 38
146 141 85 80 75 62 52 73 82 60 66 80 92 54 52 58 70 66 156 182
143 130 85 72 81 72 62 52 70 81 70 65 38 39 51 54 106 158 228 245
225 219 144 97 83 77 70 58 47 64 79 48 33 28 49 72 88 107 126 116
223 254 226 106 87 72 61 64 62 53 57 29 15 44 43 62 125 115 85 91
171 205 125 79 98 83 75 67 60 56 60 40 32 17 29 75 102 125 145 166
117 94 101 137 106 82 85 79 68 61 58 60 44 34 52 74 78 81 122 158

0 0 7 7 1
29 13
3 6 10 16 7 29 78 84 128 255 255 255 132 64 42 28 27 31 42 63 76 90 97 117 183 241 172 114 255
8 6 5 14 16 20 78 147 139 33 255 255 255 208 105 95 39 8 6 16 27 70 93 74 78 164 255 255 192
5 1 1 6 23 47 82 151 140 145 57 171 255 255 255 155 72 35 16 13 13 33 43 29 33 31 58 187 255
3 3 5 10 18 60 46 159 130 123 145 137 153 208 255 255 227 108 66 60 75 82 73 61 54 36 13 11 88
4 5 12 16 25 78 94 181 167 100 103 255 255 255 76 255 255 255 211 77 4 44 44 51 61 72 79 73 62
4 6 20 20 33 90 119 139 198 143 204 255 134 179 228 208 9 255 255 224 91 106 106 94 85 81 82 96 91
8 10 26 21 29 74 115 39 134 165 255 192 127 86 82 202 255 255 85 255 255 72 24 42 27 25 36 53 52
6 10 20 20 23 67 100 7 37 142 174 56 157 168 163 114 147 255 255 106 255 198 36 28 29 36 40 41 38
8 10 20 22 9 48 93 56 94 120 42 15 43 47 69 76 68 95 255 255 208 199 50 19 23 35 31 46 36
6 5 20 24 12 54 94 76 76 56 3 13 19 45 49 47 46 18 83 227 127 203 47 25 6 11 6 26 35
7 6 25 30 60 109 70 87 126 86 15 17 24 37 38 27 14 38 125 211 111 222 167 102 32 24 22 17 78
9 7 18 29 88 95 37 10 91 153 141 81 18 34 36 21 99 162 205 164 120 190 229 235 212 207 208 195 196
13 6 12 76 162 102 65 73 74 116 213 245 211 175 153 162 185 139 63 54 60 46 62 94 141 167 184 202 100

5 19 7 7 0
30 23
156 155 155 156 154 155 153 152 155 154 151 154 153 155 154 140 117 128 149 147 141 147 139 124 120 116 121 128 128 135
155 154 154 155 153 153 152 151 154 153 150 153 153 147 146 154 132 109 130 153 153 151 136 112 108 107 121 119 119 134
153 152 152 154 151 152 151 149 152 151 148 152 151 147 151 162 150 133 140 125 126 118 118 106 111 112 118 107 112 134
152 151 152 153 150 151 150 148 151 150 148 151 151 164 160 95 67 122 141 132 115 101 102 89 90 72 59 49 51 64
154 153 152 152 151 149 149 150 151 150 149 149 149 186 176 55 4 86 134 133 114 101 96 86 101 94 93 83 104 128
152 152 151 151 151 149 148 149 149 149 148 147 152 179 165 62 6 79 162 155 140 136 136 139 145 161 145 136 196 225
151 151 150 150 150 148 148 148 148 148 147 147 143 174 180 84 14 78 163 163 159 159 165 159 150 181 168 141 167 168
150 149 149 148 149 148 147 148 147 146 146 145 144 166 172 99 50 104 163 174 161 137 117 116 103 129 152 120 107 123
147 149 147 149 148 148 147 145 148 147 145 143 144 148 147 126 123 130 146 154 146 135 130 125 105 108 155 114 99 136
148 148 146 148 147 147 146 145 147 146 144 142 145 146 142 139 142 143 149 155 144 137 129 122 114 125 159 133 87 96
148 148 145 146 147 145 145 146 145 145 143 141 144 143 139 147 143 140 140 146 147 142 154 165 159 146 127 98 58 34
148 148 144 145 147 144 144 146 144 143 142 139 141 142 140 142 140 142 144 157 165 158 147 135 130 120 112 110 77 57
147 145 144 146 142 144 142 144 143 144 140 140 140 139 142 139 139 141 151 154 149 117 111 102 110 118 117 118 106 91
145 143 144 145 142 146 144 144 143 144 139 140 138 144 146 138 140 138 150 159 149 126 125 132 127 120 114 122 126 122
143 143 143 143 140 143 141 140 141 142 139 137 140 137 135 134 129 132 153 168 173 159 150 151 148 151 146 150 141 135
141 143 142 141 142 145 142 141 140 139 139 135 138 138 130 127 144 166 144 168 175 171 159 150 135 124 136 165 163 171
140 142 142 139 140 143 139 138 140 137 139 134 138 130 148 181 170 172 160 111 134 144 125 129 123 110 120 147 128 155
145 142 144 142 137 135 130 125 134 138 142 123 129 134 163 195 164 121 177 138 116 110 124 141 139 124 122 135 106 129
142 139 139 132 130 129 128 135 150 115 114 115 132 180 165 139 144 145 196 179 187 136 106 129 148 154 150 149 123 138
139 139 134 137 144 168 181 195 192 116 128 151 175 203 172 146 208 243 223 197 221 208 173 147 142 149 159 139 100 94
138 132 131 168 195 231 236 236 218 175 204 194 159 190 212 232 236 213 180 151 226 237 186 135 114 77 86 96 81 72
129 126 131 193 200 219 221 225 218 181 197 212 222 228 218 222 178 128 186 178 187 190 153 166 160 88 73 101 109 107
157 124 129 202 218 220 232 234 196 198 229 231 236 227 176 140 203 220 246 226 163 158 150 191 147 76 71 106 112 107

37 30 7 7 0
20 4
10 42 85 120 139 138 134 115 123 118 122 125 125 132 155 127 213 253 250 255
10 7 16 52 114 141 136 111 120 126 131 132 112 106 142 142 195 255 247 255
9 21 12 38 108 141 142 112 125 126 95 49 47 46 121 146 159 249 245 254
21 27 32 89 136 141 135 106 123 121 69 46 47 44 125 148 130 244 252 255

0 50 7 7 1
21 7
0 0 4 13 77 240 255 255 81 48 39 27 84 78 68 56 48 33 15 23 7
0 0 4 14 157 197 99 255 255 255 129 61 56 89 119 106 69 44 34 34 18
0 0 4 16 168 255 255 255 105 255 255 255 255 255 255 146 41 21 27 32 18
0 0 2 6 152 255 230 255 255 255 106 92 255 255 255 255 255 255 241 154 80
0 0 0 6 57 255 255 149 255 255 255 255 255 255 114 180 255 255 255 255 255
0 0 0 10 22 135 255 255 255 43 93 204 255 255 255 255 255 133 108 255 255
0 0 0 10 22 33 207 255 255 255 93 78 78 30 119 255 255 255 255 255 255

16 30 7 7 0
28 18
24 46 39 36 36 28 25 35 18 21 15 10 8 10 11 15 21 37 53 47 64 48 52 39 28 15 31 41
30 50 42 27 26 26 24 36 18 19 13 8 9 10 11 17 25 33 42 50 62 61 42 34 22 18 22 35
73 61 42 29 28 26 18 28 12 15 10 5 9 10 12 18 27 31 36 49 63 37 44 28 15 23 21 17
58 58 40 28 14 10 12 8 11 13 12 10 11 9 15 19 23 25 34 40 36 42 34 19 25 25 26 20
53 50 33 8 17 19 19 13 19 20 13 8 13 13 18 12 28 26 28 28 28 38 20 28 29 30 23 19
38 30 27 24 25 10 16 24 22 18 11 8 11 11 29 17 24 25 24 24 22 28 35 44 29 35 33 23
19 62 40 22 7 16 25 23 18 15 16 17 9 10 31 27 24 20 19 21 18 19 30 43 36 38 32 37
24 79 14 31 25 35 29 29 24 21 21 21 24 18 21 20 19 16 12 14 13 16 16 24 29 36 36 35
35 28 37 63 46 38 33 40 29 30 23 26 21 17 13 19 39 18 7 12 12 10 13 19 27 32 35 34
106 25 35 36 36 42 39 35 40 39 29 14 13 23 21 14 24 35 12 8 9 13 8 14 22 29 32 30
25 17 38 48 32 34 43 36 35 11 22 27 25 18 21 23 31 22 10 11 11 14 12 15 19 23 26 28
39 18 28 29 25 26 34 42 28 13 61 78 17 16 32 37 35 24 9 5 6 14 12 11 11 13 16 20
37 22 26 28 29 31 31 42 32 44 46 11 17 33 39 31 32 31 24 20 10 8 10 9 10 12 15 14
25 23 32 34 19 32 55 43 70 137 37 49 42 37 49 47 30 29 32 39 27 13 13 10 9 12 13 17
26 23 37 25 34 17 72 129 109 36 45 34 49 49 50 47 42 28 16 27 46 15 18 26 28 19 17 23
31 29 29 26 17 58 164 156 84 63 30 60 61 56 51 43 35 19 17 14 27 29 19 29 23 34 35 28
28 23 26 31 29 152 163 77 56 41 62 41 43 58 55 37 25 26 17 20 19 27 35 96 93 61 41 39
31 28 39 22 44 93 53 61 52 50 50 77 84 67 58 51 42 30 26 19 22 16 21 74 162 155 147 122

