64 64
47

29 32 7 7 1
12 25
2 4 1 1 6 6 13 7 8 3 40 43
9 6 3 4 7 11 12 22 10 3 45 33
5 3 8 3 10 3 13 6 15 3 42 58
23 4 5 5 9 4 9 12 14 5 9 6
51 23 29 69 69 44 8 4 7 4 2 5
27 29 37 43 26 45 9 4 3 5 5 3
29 24 32 70 70 54 16 10 7 9 9 3
34 26 65 61 33 6 5 6 11 5 14 8
33 27 35 34 36 6 10 3 15 6 6 1
20 8 46 2 64 43 14 7 8 2 5 6
46 27 59 109 93 100 38 5 4 5 9 8
47 21 53 92 71 73 33 1 2 4 6 14
13 15 28 51 12 35 45 4 3 1 6 6
17 20 8 29 18 23 46 5 6 6 8 7
46 32 20 43 63 64 46 3 10 5 8 3
255 255 255 255 255 255 255 255 255 255 255 255
255 255 255 255 255 255 255 255 255 255 255 255
20 35 45 54 69 86 89 93 90 82 88 85
4 6 6 9 8 5 7 3 4 5 7 2
1 2 7 1 2 4 6 6 7 11 5 3
4 5 6 7 3 6 3 8 5 9 9 7
65 38 5 6 1 5 3 5 4 6 4 2
33 41 8 7 4 10 7 7 3 3 5 4
38 26 26 20 10 10 7 6 6 7 3 1
41 36 38 41 31 32 31 40 35 33 39 37

38 22 7 7 1
13 31
6 80 92 104 40 1 2 0 5 9 10 9 255
6 27 26 38 24 4 6 4 3 3 11 18 255
8 46 105 103 71 7 5 5 2 3 11 15 255
4 55 106 98 74 4 5 7 4 5 11 13 255
10 46 47 39 43 3 4 4 10 8 9 8 255
15 63 100 99 78 8 4 1 6 6 8 10 255
5 73 107 104 84 9 2 4 7 4 6 10 255
17 57 42 46 41 1 5 4 2 1 9 12 255
8 72 65 94 52 10 6 6 9 9 10 9 255
9 80 82 90 36 6 4 3 2 12 11 11 255
3 40 43 51 26 14 6 7 4 5 9 18 255
3 45 33 49 32 7 3 4 1 6 8 12 255
3 42 58 68 29 6 5 2 2 7 10 13 255
5 9 6 7 1 5 3 4 3 3 6 14 255
4 2 5 5 3 3 5 0 2 3 5 13 255
5 5 3 3 7 4 5 5 4 5 4 10 255
9 9 3 5 4 2 5 7 6 3 8 11 255
5 14 8 1 7 3 7 9 12 7 9 16 255
6 6 1 10 0 7 4 10 9 4 7 16 255
2 5 6 8 4 4 4 6 5 3 8 17 255
5 9 8 5 4 7 2 3 3 7 9 14 255
4 6 14 1 14 7 8 5 1 9 3 8 255
1 6 6 7 12 2 8 4 0 7 12 11 255
6 8 7 8 6 1 11 22 24 13 8 12 255
5 8 3 1 5 7 19 27 29 22 8 14 255
255 255 255 255 255 255 255 255 255 244 205 182 255
255 255 255 255 255 255 244 238 255 255 255 255 255
82 88 85 80 74 78 64 33 8 76 89 98 118
5 7 2 3 3 22 39 32 22 14 19 8 12
11 5 3 2 3 4 6 12 13 5 10 8 11
9 9 7 7 7 8 8 3 5 7 4 4 2

53 2 7 7 0
4 25
234 231 123 132
234 236 116 134
236 234 104 136
231 249 95 135
255 253 85 136
254 253 76 135
254 253 52 136
255 251 39 136
255 248 41 136
253 246 43 136
249 242 75 137
247 242 105 135
243 241 149 136
244 242 192 135
242 241 222 136
241 240 233 134
239 239 235 134
239 239 242 129
239 239 245 135
239 238 238 131
238 238 234 131
238 238 235 128
237 238 237 128
237 237 234 125
237 237 234 121

0 0 7 7 1
30 22
3 5 19 51 56 56 57 64 67 60 61 59 61 66 64 65 64 63 70 70 61 58 62 67 60 64 61 63 61 62
3 15 27 19 58 69 73 90 102 108 118 123 135 145 146 150 147 145 152 155 158 156 157 162 168 164 161 166 173 175
14 31 152 215 214 205 209 219 221 218 213 219 223 219 217 213 215 218 219 224 225 219 218 222 223 220 220 225 223 221
77 105 240 157 103 86 83 74 63 53 41 39 31 19 13 9 13 10 7 8 5 3 3 5 6 4 3 6 9 6
111 158 255 28 5 5 9 6 4 7 5 9 7 5 4 5 8 2 6 8 4 3 2 2 5 7 6 4 5 5
114 133 248 33 5 4 8 5 3 6 7 8 7 5 5 6 6 1 5 5 2 3 2 1 1 3 4 5 4 4
89 129 233 36 4 3 8 6 5 6 7 8 6 6 8 6 4 3 5 5 1 4 5 1 2 3 1 3 4 4
63 118 209 44 5 6 9 9 4 5 8 8 6 4 3 4 7 6 7 9 2 4 8 9 12 14 17 18 28 40
54 94 215 67 3 5 128 255 255 255 255 255 255 255 255 255 255 255 255 255 255 255 255 255 255 255 255 255 255 255
44 72 234 120 2 0 255 255 255 255 255 255 255 255 255 255 255 255 255 255 255 255 255 255 255 255 255 255 255 255
32 40 247 193 0 2 255 255 87 30 37 28 12 4 7 9 31 17 18 16 10 13 20 19 17 19 20 17 20 16
28 105 236 255 3 4 255 255 61 14 13 18 6 4 12 12 25 14 15 19 11 10 17 18 16 7 8 5 6 6
17 173 223 255 4 6 255 255 113 12 11 12 10 11 6 6 9 18 9 10 10 10 15 6 8 8 11 3 6 18
12 223 201 255 1 8 214 255 174 15 16 9 14 13 14 6 10 9 17 11 3 5 15 12 5 3 12 11 5 6
12 228 155 255 5 6 164 255 199 18 27 10 16 1 8 3 9 15 18 8 1 5 8 16 7 9 2 9 1 8
8 228 166 255 6 7 130 255 231 7 20 19 17 6 10 6 4 8 15 23 20 23 7 2 16 8 5 3 7 10
8 207 150 255 3 1 106 255 242 14 20 7 6 13 20 18 6 7 14 17 9 21 14 8 7 9 2 5 2 8
0 200 149 255 5 5 93 255 252 21 15 9 7 11 6 12 11 9 12 19 14 22 12 3 8 8 9 2 2 8
1 197 156 255 5 5 79 255 255 14 16 12 10 2 7 10 10 1 12 8 2 17 16 7 4 13 12 11 5 8
1 189 149 255 2 8 67 255 255 8 6 2 7 7 5 13 8 1 13 16 9 12 9 15 5 12 8 14 11 4
2 191 151 255 7 6 56 255 255 7 4 2 7 6 5 3 7 4 3 2 13 8 5 14 5 16 10 9 12 11
4 188 147 255 2 2 45 255 255 13 8 10 9 2 11 7 7 4 2 3 9 9 5 17 12 12 6 2 6 12

3 5 7 7 0
15 14
216 216 216 216 217 217 217 217 217 218 218 218 218 218 219
216 217 216 214 216 213 217 217 217 217 218 218 218 218 219
216 217 211 202 205 195 217 217 217 217 218 218 218 218 217
216 216 221 220 218 221 220 217 219 219 216 216 216 218 218
216 215 190 65 106 86 83 85 82 88 84 84 85 86 85
216 214 191 74 117 93 91 94 83 108 84 86 88 89 89
218 217 188 74 103 90 89 93 87 98 93 87 89 90 90
218 218 193 80 107 91 90 94 86 88 89 89 89 89 91
218 218 191 75 101 88 92 93 89 88 89 89 89 91 88
216 216 189 75 102 90 89 88 90 89 90 90 90 89 89
216 216 192 72 96 89 87 96 91 90 89 91 90 90 91
216 216 194 75 101 102 93 95 90 90 89 91 92 90 93
217 217 193 73 94 95 91 90 91 90 91 91 91 91 92
217 218 194 76 107 100 87 122 94 91 90 89 90 89 95

0 43 7 7 1
31 10
6 249 255 137 1 3 255 244 50 27 4 4 3 8 2 4 8 3 1 4 2 1 2 7 5 2 4 4 3 6 5
13 232 255 148 2 10 255 239 46 32 15 14 12 9 9 12 7 3 2 3 5 6 3 6 6 3 1 4 1 4 2
17 221 255 160 2 8 255 255 63 32 8 6 13 21 27 22 24 32 33 34 40 36 35 30 25 27 29 27 24 27 27
15 217 255 179 2 10 255 255 244 213 159 101 40 59 87 96 102 84 63 55 44 26 21 26 22 28 18 18 15 14 4
10 200 255 202 1 3 151 255 255 255 255 255 255 255 255 236 249 233 225 235 230 219 220 226 226 208 187 154 110 58 21
5 173 255 216 4 3 0 8 34 83 140 207 255 255 255 255 255 255 255 255 255 255 255 255 255 255 255 255 255 255 255
8 160 255 227 5 4 2 2 1 2 4 4 4 0 1 1 6 7 6 5 3 3 6 6 6 25 61 109 151 189 233
11 144 255 242 4 2 1 1 1 0 0 0 1 3 4 2 3 2 2 2 3 3 2 2 3 3 20 45 36 18 9
211 110 255 255 5 5 4 1 2 1 0 0 2 4 2 2 2 0 0 0 0 0 0 0 1 3 20 26 27 30 3
149 23 255 255 78 39 13 7 6 3 9 9 9 2 3 3 3 2 1 3 3 3 0 0 1 3 18 42 39 17 5

0 17 7 7 1
4 12
180 48 3 4
181 61 4 4
178 76 5 2
170 91 4 2
163 116 6 4
140 137 9 1
121 144 7 4
133 165 9 5
128 187 9 3
106 207 7 5
89 221 10 8
85 227 5 6

49 30 6 7 1
10 14
10 255 255 42 0 7 13 189 255 104
6 255 255 44 2 7 8 184 255 37
6 255 255 47 4 6 11 177 255 96
16 255 255 42 9 7 12 169 196 31
11 255 255 41 7 5 7 160 205 86
3 255 255 43 2 2 6 158 214 69
11 255 255 42 2 1 6 155 233 15
17 255 255 37 5 3 6 163 229 4
15 255 255 36 5 2 6 163 220 23
18 255 255 36 3 3 5 162 199 19
22 255 255 40 5 2 3 165 199 25
16 255 255 46 3 6 5 160 194 32
20 255 255 51 4 8 5 156 183 31
22 255 255 45 5 4 2 172 148 119

0 0 7 7 1
20 25
73 163 247 212 199 198 204 201 201 200 193 202 200 193 190 181 175 156 127 93
75 116 47 19 13 12 18 2 1 9 4 13 8 7 4 3 5 4 3 2
70 71 16 14 10 6 13 6 3 5 5 9 8 8 5 4 4 4 1 2
61 87 18 9 13 13 13 7 2 2 5 4 9 10 7 8 1 2 7 10
33 100 62 15 15 6 20 28 18 9 8 3 3 4 1 8 4 5 3 8
14 70 83 7 5 5 11 26 21 9 13 5 5 8 2 10 8 12 11 16
39 69 75 10 14 5 41 128 226 255 255 255 255 255 255 255 255 255 255 255
25 56 64 5 8 20 198 255 255 255 255 255 255 255 255 255 255 255 255 255
12 58 60 4 2 26 255 255 142 64 12 5 3 3 5 3 4 7 7 6
16 59 55 7 6 20 255 255 12 10 9 8 5 6 9 8 6 4 4 4
30 85 79 4 5 3 255 255 10 7 7 6 6 6 7 4 1 2 2 3
150 186 132 3 4 3 255 255 4 1 5 4 4 3 5 4 1 1 1 3
181 246 148 7 8 2 255 255 8 8 6 2 0 2 4 3 2 1 1 2
71 228 156 8 3 5 255 255 5 5 8 6 2 2 2 2 4 3 2 3
96 220 163 7 2 6 255 255 6 2 5 5 2 3 2 2 2 2 4 4
77 221 164 1 4 3 255 255 5 3 4 5 2 3 4 2 2 1 3 3
54 134 178 31 8 6 255 255 51 1 3 5 3 2 4 2 3 1 2 3
225 255 255 124 6 2 255 255 107 3 4 3 3 3 3 2 1 4 3 2
140 115 244 145 5 4 255 255 106 3 8 6 1 4 5 3 4 1 1 2
239 251 255 144 4 8 255 255 106 2 4 3 2 1 2 4 4 4 4 4
7 17 124 115 3 7 255 255 164 2 3 4 0 3 5 2 2 0 6 3
224 222 255 223 1 4 118 255 255 1 3 4 2 4 3 3 3 4 2 5
71 69 253 219 5 6 18 255 255 0 3 5 2 2 4 1 4 1 2 2
255 255 255 184 7 3 25 255 255 5 7 5 1 2 2 4 3 3 3 3
5 2 46 51 8 4 5 255 255 7 2 2 4 2 3 3 5 4 1 2

24 2 7 7 1
30 7
63 60 55 55 57 43 50 46 47 51 57 53 60 48 16 15 53 75 85 102 111 125 134 143 98 67 48 22 22 41
24 9 4 3 11 21 4 8 15 16 10 10 8 9 12 9 5 7 6 5 14 10 17 28 32 36 61 73 88 105
10 7 5 6 12 10 22 14 13 8 8 4 3 6 10 4 7 19 10 12 13 21 11 9 15 6 20 5 2 7
8 10 11 4 8 6 12 7 7 11 9 7 7 11 11 8 6 12 14 1 1 13 18 10 12 4 19 4 4 9
67 64 78 65 61 65 74 74 66 54 47 55 51 57 51 48 45 59 47 37 40 41 50 40 36 20 29 10 10 23
96 97 88 81 71 74 79 85 86 78 76 80 74 71 68 70 69 74 64 63 56 65 74 66 59 48 34 7 10 81
16 25 18 21 19 25 28 18 26 19 21 27 25 26 28 26 25 28 21 24 24 35 32 22 49 67 29 7 4 136

0 31 7 7 1
29 18
3 1 14 255 255 6 5 255 238 189 51 168 174 12 50 47 34 28 38 64 86 106 61 34 35 27 32 34 35
4 6 10 255 255 4 4 255 240 197 65 167 170 13 16 19 14 9 10 57 59 106 94 63 74 74 62 57 54
4 6 12 255 255 2 4 255 249 177 9 104 163 17 19 22 21 11 28 118 148 156 80 31 78 105 50 82 110
5 4 8 255 255 5 1 255 255 166 20 111 174 32 34 18 14 18 36 194 215 255 127 76 106 82 159 191 51
4 4 6 255 255 17 1 255 255 139 39 124 195 40 45 36 43 40 61 227 159 255 165 81 147 11 252 177 189
7 3 7 255 255 31 1 206 255 17 119 158 191 40 34 36 40 19 18 209 201 255 178 80 163 151 246 47 132
9 6 4 255 255 28 4 123 255 131 113 180 179 33 29 31 15 24 21 186 255 255 108 97 102 180 206 37 93
10 2 4 255 255 24 2 61 255 99 91 126 172 36 33 41 24 23 26 74 160 165 65 14 130 27 19 119 65
4 3 7 255 255 83 4 26 255 177 169 170 171 20 24 29 12 16 21 51 112 164 79 88 62 63 75 82 52
6 6 9 255 255 202 0 12 255 185 195 163 169 45 89 94 59 52 32 15 48 94 40 129 126 3 17 24 28
5 5 3 155 255 255 1 13 255 90 178 90 169 55 123 148 145 98 59 110 143 141 222 47 172 6 12 7 2
3 5 5 58 255 255 3 13 255 158 248 119 160 54 125 190 179 101 77 128 69 24 234 148 170 5 10 9 9
5 9 5 11 255 255 2 5 255 188 206 163 169 50 46 187 101 118 79 139 77 12 133 80 64 7 8 6 7
7 8 5 4 255 255 3 4 255 183 194 185 165 52 58 120 27 169 114 184 73 12 128 86 70 8 13 17 12
10 14 10 15 255 255 3 4 255 169 250 113 163 67 61 123 80 168 58 155 109 136 186 41 62 6 8 16 16
19 10 5 6 255 255 4 5 255 210 255 202 238 194 134 145 140 184 75 159 186 255 215 180 133 83 54 24 7
20 13 8 8 255 255 4 2 255 255 219 38 132 255 255 255 255 255 255 255 255 255 205 255 255 215 181 129 96
17 18 2 7 255 255 5 2 144 255 255 255 255 176 137 114 115 145 215 213 200 182 71 137 255 255 255 255 255

37 4 7 7 0
18 30
109 114 111 110 106 98 96 87 94 90 82 83 72 76 74 63 63 68
97 99 80 91 89 83 74 67 70 77 76 68 65 53 51 52 52 71
55 58 49 52 53 55 49 59 56 54 54 52 51 54 49 49 138 71
35 38 46 62 54 60 64 78 63 68 66 67 72 58 50 174 152 70
80 81 78 81 78 79 82 80 77 80 76 74 77 71 62 170 165 71
82 79 82 79 85 81 76 82 79 79 79 75 75 73 68 173 152 70
86 84 82 80 86 74 76 80 71 77 79 74 75 77 70 166 162 66
87 86 85 85 81 80 83 77 79 75 77 75 74 79 71 180 146 58
84 87 84 82 85 78 78 78 79 79 81 72 68 78 78 160 156 67
84 89 84 82 83 80 83 84 81 77 81 72 78 75 67 167 146 69
81 88 79 85 84 84 83 82 81 79 75 81 78 76 73 156 121 65
86 86 83 82 85 82 86 82 84 83 75 80 74 78 68 147 132 64
87 83 84 84 82 87 87 80 78 78 77 81 82 72 62 148 138 63
87 84 87 87 84 85 82 81 84 80 78 81 78 70 50 152 128 71
88 89 89 90 86 85 80 82 80 77 78 78 75 76 49 157 123 63
84 85 90 85 81 86 81 82 83 80 82 76 78 79 36 133 133 69
89 95 88 86 84 82 83 82 81 82 77 75 75 72 24 166 114 65
75 88 84 80 83 86 78 79 80 80 79 81 68 72 24 125 120 55
83 83 85 81 83 78 78 85 77 80 80 76 75 77 15 149 113 59
87 85 84 83 82 76 80 79 76 77 80 84 75 76 16 126 130 62
90 84 86 84 80 82 85 79 81 87 73 75 78 73 10 144 112 56
91 84 82 77 83 76 82 80 83 79 78 77 69 72 13 125 112 54
83 88 86 81 79 85 77 82 77 77 80 74 79 79 7 144 113 53
88 80 83 80 80 81 80 71 78 78 77 79 77 75 10 164 104 55
84 83 85 92 82 81 81 78 76 78 74 74 73 66 9 123 109 56
82 86 87 77 78 85 82 78 77 78 78 73 78 71 7 111 100 54
82 82 84 81 82 80 83 74 76 83 71 72 69 74 5 117 80 59
84 80 83 83 78 84 80 78 81 81 76 79 75 71 7 120 94 55
82 81 77 77 72 79 76 78 78 71 72 75 76 69 8 109 77 54
77 80 82 83 78 74 77 77 78 69 71 73 71 69 8 100 88 54

14 47 7 5 1
22 13
105 86 66 54 44 45 37 24 24 36 43 50 46 42 76 110 112 94 94 98 90 72
25 31 34 41 44 47 55 55 58 78 82 81 86 95 106 117 132 130 137 132 129 139
18 25 22 25 28 27 24 28 26 35 31 19 34 161 255 255 190 40 19 22 2 31
25 35 36 24 23 22 17 14 20 32 43 34 30 254 255 255 255 156 27 42 35 57
55 49 36 26 25 27 35 32 18 18 37 42 44 252 255 31 255 221 24 40 27 36
33 38 31 26 26 23 20 33 17 18 25 34 89 255 255 102 255 255 34 34 19 28
18 26 37 25 19 14 12 20 20 16 14 24 52 248 255 255 255 253 30 31 22 30
16 20 27 29 24 18 20 17 12 16 15 17 0 77 255 255 255 153 19 18 24 34
8 13 12 5 18 18 17 18 27 26 21 20 33 29 11 28 25 21 17 11 10 16
75 76 60 61 63 79 87 98 108 104 96 94 101 88 88 113 123 95 58 72 85 95
76 90 85 73 71 64 67 72 72 70 75 72 82 83 60 72 72 88 69 86 100 96
16 21 14 7 2 8 12 13 25 20 14 11 12 30 19 39 58 15 33 23 22 11
15 21 18 19 12 12 13 12 10 3 14 22 11 32 49 41 21 24 25 7 13 14

28 34 7 7 1
29 24
18 13 17 13 17 25 15 12 19 24 21 23 28 28 31 36 31 31 32 20 107 102 12 18 69 40 109 59 99
18 9 12 12 15 27 19 12 21 26 26 23 23 26 31 33 30 32 31 22 113 102 13 11 85 78 157 56 120
16 7 9 17 16 19 20 18 27 32 27 18 24 26 27 31 29 34 37 19 106 98 17 10 40 24 161 64 121
16 6 13 22 20 21 25 24 27 29 23 18 29 25 25 30 29 40 42 14 98 101 10 14 55 48 159 55 119
14 7 14 18 16 16 21 23 23 25 19 18 23 20 29 38 39 48 45 14 96 99 9 2 69 70 181 60 124
11 8 14 18 18 14 17 22 22 22 19 22 21 18 32 32 34 44 41 11 91 97 11 8 40 27 186 90 142
12 11 16 18 19 15 17 23 21 21 20 24 22 25 34 29 36 44 45 12 84 93 13 5 40 37 203 83 134
9 12 17 16 17 15 15 22 21 20 21 24 21 25 36 41 51 48 52 14 73 98 19 20 40 30 211 108 131
8 13 18 16 16 17 17 24 28 26 24 24 24 29 37 41 44 40 47 12 71 107 15 26 65 48 149 129 107
15 18 18 13 17 20 22 26 23 24 22 24 31 36 39 38 36 31 44 16 75 113 11 10 79 21 124 151 83
217 182 140 100 68 43 24 14 21 28 19 20 32 31 31 34 33 29 40 20 88 119 15 10 72 57 113 128 48
255 255 255 255 242 231 221 201 211 207 181 151 134 116 100 87 68 52 32 12 85 129 40 22 42 71 107 92 12
64 96 127 156 175 192 209 205 204 190 171 179 136 110 93 79 59 45 26 24 51 104 104 112 85 149 146 58 24
3 2 0 0 1 0 7 7 4 3 10 45 26 6 8 11 16 11 13 15 24 31 51 85 95 179 132 56 19
3 2 0 0 0 1 1 3 4 1 22 52 23 8 5 6 10 6 12 10 9 13 11 18 14 135 88 117 17
6 1 6 6 3 3 1 1 2 1 27 41 12 13 7 9 9 11 18 16 13 18 11 15 14 205 103 177 12
14 21 27 29 17 4 1 3 3 2 30 42 19 22 34 25 6 13 13 6 9 19 12 10 17 248 90 211 6
24 41 36 43 39 21 16 4 1 7 28 45 30 103 79 87 75 88 67 70 62 22 14 16 26 255 75 221 2
16 39 36 40 13 5 16 6 2 9 14 29 36 106 38 37 45 72 70 48 103 33 17 12 20 255 84 225 4
14 27 31 24 22 22 15 8 2 11 13 27 39 94 70 42 75 108 106 62 122 32 5 4 16 255 103 215 3
1 3 6 4 1 2 3 12 2 12 12 32 52 81 86 48 59 100 97 86 108 36 17 6 21 255 114 189 3
135 126 106 84 64 46 29 17 9 20 110 243 222 188 193 198 203 242 239 228 253 231 203 206 227 255 38 158 1
153 162 170 169 168 170 172 207 212 235 255 255 220 230 236 245 240 249 255 251 255 255 221 165 149 96 129 112 4
101 83 64 36 3 35 75 205 231 255 248 123 16 21 25 28 31 35 35 41 34 41 46 47 77 125 143 41 3

2 8 7 7 0
5 18
233 239 222 216 160
234 240 231 216 72
235 237 230 208 57
238 242 231 200 48
233 242 233 186 38
230 241 238 181 36
234 239 237 184 42
235 237 240 186 45
230 237 247 182 40
230 240 236 169 37
230 238 235 164 36
230 239 242 167 37
230 239 247 168 38
231 236 245 163 36
234 240 245 165 38
229 239 247 163 38
231 240 246 163 36
233 238 243 169 35

4 27 7 7 1
5 12
110 255 255 19 17
107 255 255 16 16
108 255 255 18 15
109 255 255 10 10
111 255 255 17 9
101 255 255 25 13
80 255 255 31 12
57 255 255 33 11
58 255 255 41 5
44 255 255 42 5
37 255 255 42 7
39 255 255 60 4

28 39 7 7 1
12 12
31 9 2 4 6 9 2 11 5 7 17 17
17 15 16 15 10 14 20 24 19 14 21 25
4 13 11 9 8 4 5 12 13 11 11 22
7 8 15 9 12 15 18 24 11 18 6 23
5 6 7 5 9 20 17 29 6 17 10 26
124 128 134 134 129 135 122 110 92 98 116 129
255 255 255 255 255 255 255 255 255 255 255 255
253 255 255 254 254 255 255 255 255 255 255 255
31 38 42 39 38 36 36 33 25 33 34 38
27 29 27 22 26 22 19 16 14 14 15 11
4 11 17 15 11 7 4 4 6 6 4 7
18 24 28 32 29 24 23 22 22 20 18 16

0 0 7 7 0
30 8
216 219 219 218 216 219 218 218 220 222 221 223 223 224 223 225 226 226 227 227 228 229 229 230 230 231 231 231 231 232
217 215 218 218 219 218 218 219 220 220 221 221 222 222 222 224 227 225 226 226 228 230 231 229 229 231 231 231 231 233
215 216 216 217 216 217 218 218 218 220 221 221 221 222 222 224 225 226 226 226 228 229 229 229 229 229 229 229 231 232
213 214 215 217 216 217 216 218 218 218 219 221 221 221 226 223 223 223 225 226 227 228 228 227 229 229 230 230 232 229
216 214 214 215 216 215 213 214 213 219 216 220 215 212 221 218 222 219 223 220 223 222 222 224 221 224 228 227 224 224
213 212 214 201 193 135 102 105 110 98 96 96 90 95 80 93 94 98 90 86 91 78 77 69 77 76 87 79 78 87
213 212 215 130 24 18 20 20 19 24 19 21 21 20 18 21 21 25 21 21 23 20 20 20 21 22 22 19 24 23
212 213 215 141 18 16 20 20 20 18 18 18 18 19 17 19 17 17 17 24 19 19 17 19 22 23 20 20 18 20

42 0 7 7 1
16 30
255 255 255 255 255 255 253 217 123 237 248 244 243 252 255 243
15 19 21 15 9 16 14 34 47 53 30 15 14 20 254 244
6 10 16 14 8 9 9 32 78 23 48 12 9 4 255 255
7 11 13 16 13 10 6 7 54 46 43 6 8 6 255 255
10 14 12 12 14 15 10 7 11 7 4 5 4 5 255 255
12 13 10 12 11 11 9 7 11 25 22 21 5 5 255 255
88 92 81 82 83 83 79 76 75 55 20 24 4 6 255 255
255 255 255 255 255 255 255 255 255 255 171 15 3 7 255 255
203 201 196 199 203 203 203 208 214 255 255 20 3 6 255 255
7 5 3 7 8 10 11 13 21 255 250 52 48 8 255 255
5 5 6 12 13 12 10 8 16 255 224 7 52 9 255 255
5 4 7 11 9 7 7 6 9 255 255 63 44 8 255 255
6 4 7 11 10 5 6 8 10 255 255 28 18 9 255 255
6 4 10 10 9 6 5 11 11 255 251 16 24 8 255 255
6 7 11 6 7 7 5 11 11 255 255 30 24 8 255 255
9 7 8 6 6 25 33 39 30 255 255 59 60 55 255 255
5 4 7 6 7 17 7 19 17 255 255 75 12 61 255 255
6 3 7 8 10 27 37 36 34 255 255 76 73 57 255 255
9 6 8 8 6 9 8 10 24 255 255 12 12 29 255 252
6 5 7 5 8 6 5 8 31 255 255 34 33 82 255 255
4 7 6 4 8 9 10 9 29 255 255 59 29 141 255 255
7 8 9 7 10 12 10 5 24 255 255 54 31 218 255 236
8 7 8 8 5 10 8 3 57 255 254 29 29 255 255 61
7 5 7 8 4 8 10 4 126 255 207 13 59 255 255 118
9 6 6 6 9 13 10 6 208 255 129 24 82 255 249 128
9 6 4 6 11 10 5 5 255 255 44 22 72 255 255 116
6 5 7 10 13 9 3 4 255 255 25 17 13 255 255 21
8 4 5 9 9 5 5 6 255 255 39 17 17 255 255 83
7 3 7 10 4 3 6 3 255 255 28 9 33 255 255 96
5 5 10 9 4 5 7 4 255 255 14 3 33 255 249 90

4 11 7 7 0
29 13
203 49 69 76 74 74 75 72 79 85 76 75 75 76 77 76 77 78 77 78 79 79 79 80 81 80 80 79 79
206 80 69 73 69 76 75 73 74 75 75 75 74 77 76 77 79 79 78 80 79 78 81 81 81 82 81 81 81
209 115 72 80 73 72 82 75 75 76 77 77 77 77 80 79 79 79 81 82 82 81 82 82 82 82 82 82 82
209 155 71 79 72 73 75 73 75 76 77 77 78 78 79 79 79 81 81 82 83 82 83 85 82 83 84 82 82
213 188 68 70 74 75 77 76 76 76 78 78 81 79 80 79 80 81 82 84 82 82 84 84 84 85 84 84 84
211 205 69 74 75 73 83 77 77 79 77 78 81 81 81 82 81 82 84 83 84 83 87 84 87 85 85 85 84
214 227 72 77 73 76 88 78 77 76 79 80 82 82 83 83 84 82 81 84 86 84 87 86 87 87 86 86 86
215 234 71 77 75 77 91 76 78 80 80 79 82 83 83 83 84 84 85 86 88 89 87 89 87 86 89 90 87
219 221 73 92 76 75 84 77 81 80 80 81 82 82 84 83 86 85 86 87 86 89 87 86 88 88 88 88 86
216 230 72 80 80 76 77 80 80 82 82 82 82 85 84 85 87 88 89 89 88 90 89 89 89 87 88 90 89
216 220 71 76 79 75 85 81 79 81 83 82 85 86 85 86 87 88 91 89 91 92 91 91 91 91 91 93 89
219 218 72 109 79 80 80 80 84 84 85 85 85 84 88 87 91 90 90 91 90 92 94 92 94 94 94 93 96
218 224 73 83 81 85 84 82 84 87 86 87 88 89 90 91 90 93 93 92 94 95 98 95 95 97 93 96 96

11 0 7 7 1
6 11
255 255 255 255 255 255
255 255 255 255 255 255
28 20 17 20 17 17
13 8 7 8 7 7
9 7 11 12 11 8
7 8 9 7 6 6
3 4 3 1 4 9
255 255 255 255 255 255
255 255 255 255 255 255
20 57 79 74 85 89
22 23 45 21 13 8

49 29 6 6 1
10 30
4 3 22 255 255 4 5 205 94 136
2 5 28 255 255 4 4 185 92 123
3 4 24 255 255 6 3 167 80 103
4 2 23 255 255 5 2 158 80 91
4 2 24 255 255 8 3 147 83 76
3 6 31 255 255 7 3 130 81 59
1 5 33 255 255 7 4 118 85 52
5 5 29 255 255 6 5 104 85 44
5 6 29 255 255 7 5 90 74 25
4 2 29 255 255 6 4 81 76 16
4 2 27 255 255 4 6 67 78 11
0 2 24 255 255 4 5 56 73 15
1 2 17 255 255 6 5 46 67 20
4 7 9 255 255 3 5 38 63 30
4 5 6 255 255 3 6 33 66 34
2 5 7 255 255 5 5 27 67 40
6 6 13 255 255 3 3 24 72 48
3 4 15 255 255 3 3 16 77 55
26 25 36 253 255 3 3 9 81 64
17 25 48 255 255 2 3 1 76 69
244 248 255 255 255 1 3 5 78 75
255 255 255 255 140 4 1 2 76 73
7 2 7 7 6 4 2 3 76 72
7 3 7 8 8 5 3 3 157 241
7 3 7 9 6 4 2 2 250 255
6 4 6 10 8 6 4 5 255 255
9 9 13 22 23 26 30 101 255 255
255 255 255 255 255 237 143 189 224 189
255 255 255 255 255 236 143 91 85 152
20 18 103 252 234 101 55 23 32 26

49 33 7 5 1
9 27
4 2 93 255 199 14 14 255 255
3 2 125 255 171 13 14 255 255
7 3 156 255 139 13 11 255 255
4 4 198 255 102 15 14 255 255
3 4 239 255 64 12 13 234 206
2 5 255 255 30 14 13 255 255
3 4 255 255 4 13 13 255 255
3 5 255 255 8 13 16 255 255
1 6 255 255 7 13 44 255 255
3 7 255 255 3 13 93 255 232
2 10 255 255 4 11 159 255 190
1 12 255 255 11 12 221 255 143
3 13 255 255 14 15 255 255 59
3 20 255 248 14 15 255 255 20
4 39 255 242 14 11 255 255 39
6 73 255 216 16 10 255 255 44
255 255 255 179 13 8 255 255 11
255 253 216 82 8 6 255 255 7
12 7 7 2 11 12 255 255 40
18 18 20 6 10 8 255 252 25
17 13 16 3 9 6 255 255 53
18 5 12 5 11 6 255 255 150
17 4 11 13 16 34 255 255 255
16 5 8 19 21 81 233 205 141
181 182 172 171 202 255 255 109 45
167 156 191 192 210 205 147 45 60
105 94 71 36 66 19 27 36 106

53 29 5 7 1
7 18
244 8 11 195 255 192 85
245 8 11 231 255 84 50
246 9 11 255 255 33 52
229 15 10 255 255 37 57
199 14 14 255 255 48 43
171 13 14 255 255 63 75
139 13 11 255 255 7 12
102 15 14 255 255 168 163
64 12 13 234 206 22 10
30 14 13 255 255 166 176
4 13 13 255 255 33 31
8 13 16 255 255 8 2
7 13 44 255 255 14 11
3 13 93 255 232 19 3
4 11 159 255 190 26 6
11 12 221 255 143 18 14
14 15 255 255 59 14 30
14 15 255 255 20 63 57

10 1 7 7 1
16 11
31 43 46 50 55 67 76 82 93 104 113 128 144 157 158 157
185 191 188 178 176 176 172 168 163 156 153 154 145 129 110 95
19 22 21 18 14 14 12 14 16 8 6 9 8 6 4 1
8 12 8 5 4 8 7 9 8 4 4 5 5 2 4 4
4 4 5 4 3 6 3 1 4 3 2 3 6 7 3 5
1 4 2 5 9 10 3 3 1 3 4 2 4 11 9 2
1 3 3 6 5 4 2 2 3 1 6 4 2 7 11 12
8 11 12 13 11 5 9 18 23 28 34 59 70 79 96 106
193 197 193 187 183 174 167 165 161 156 155 163 158 160 165 167
181 185 186 191 185 193 191 165 146 136 120 103 82 69 52 39
30 35 29 53 41 40 39 35 39 31 25 17 11 12 18 32

22 0 7 7 1
17 5
248 19 3 14 16 12 9 9 5 19 15 43 80 86 98 87 94
168 26 10 10 29 56 77 91 97 95 108 115 117 97 108 99 86
115 87 70 73 87 96 98 90 97 96 90 64 36 11 19 23 21
68 66 65 66 58 37 21 2 4 3 1 2 2 3 3 12 19
17 4 4 1 6 10 14 8 4 4 4 4 2 3 3 5 9

5 12 7 7 1
5 17
59 13 14 15 13
58 7 6 6 3
56 7 10 5 1
59 10 5 2 5
57 21 4 11 17
51 17 8 5 7
56 21 2 3 15
56 14 4 13 15
62 14 2 8 7
56 9 3 6 9
63 12 1 5 7
65 21 8 8 8
61 21 1 6 10
55 24 3 6 10
44 32 11 9 7
16 42 24 10 2
39 28 14 12 8

13 55 7 6 0
16 4
210 209 211 212 211 210 211 211 211 211 211 211 211 211 207 199
210 210 210 212 211 211 211 211 210 204 195 201 204 208 206 209
212 209 211 207 198 175 204 205 207 207 207 214 213 187 213 213
106 73 86 125 129 142 212 213 211 217 213 216 200 170 198 208

22 31 7 6 1
9 28
52 75 125 130 110 55 30 24 14
82 108 39 52 75 37 22 27 1
60 90 18 40 104 115 52 34 20
135 146 122 101 109 176 118 16 8
122 105 44 18 28 152 140 6 1
19 15 3 23 17 133 144 13 2
31 22 1 18 22 120 163 54 1
20 23 5 17 20 77 180 116 6
21 20 3 13 13 22 145 133 3
8 17 12 12 8 11 128 137 2
11 17 26 18 12 22 141 155 8
25 19 25 10 16 30 121 151 22
16 10 23 10 4 22 94 152 45
25 33 22 27 33 30 95 149 117
18 26 28 43 8 14 82 118 164
7 7 12 8 41 42 44 49 95
67 74 105 160 204 182 159 53 137
167 76 93 174 201 168 255 255 251
255 255 255 255 255 255 255 159 25
255 220 74 4 3 1 3 2 9
6 3 1 1 1 1 2 2 9
1 1 1 1 1 1 2 2 9
0 0 0 2 1 1 2 2 1
0 0 0 2 4 18 28 28 26
23 26 26 19 14 21 14 6 13
23 5 14 15 20 9 28 29 14
29 37 26 62 44 73 17 35 98
194 162 161 185 110 155 128 137 108

0 0 7 7 0
15 15
88 83 84 86 84 87 87 84 74 64 70 70 64 72 65
106 109 41 51 56 52 51 52 50 52 50 44 46 41 46
112 85 32 51 53 53 49 45 49 51 47 45 45 46 46
89 84 36 48 49 50 52 172 205 178 191 47 43 42 39
84 78 39 56 49 49 38 39 40 35 37 37 34 25 24
111 85 35 40 50 49 38 12 231 14 10 162 28 8 10
108 81 33 50 51 49 40 10 153 13 10 161 6 12 9
85 81 34 37 53 50 37 91 88 69 14 20 14 9 9
103 81 32 39 50 47 38 10 11 14 13 9 10 10 10
110 78 35 39 49 54 42 9 207 13 8 8 11 8 9
73 77 33 39 54 49 40 8 25 8 9 9 11 10 10
83 79 29 31 54 51 36 8 156 11 10 9 8 10 8
113 82 31 30 51 50 39 15 11 14 9 12 11 9 8
102 82 29 28 52 45 38 10 207 13 11 10 8 8 8
80 79 31 26 49 48 42 13 93 16 11 7 9 10 10

35 27 7 7 1
23 26
104 107 85 10 255 255 98 22 44 72 47 21 22 34 47 107 178 228 220 104 50 22 67
3 4 4 9 255 255 255 255 255 236 171 131 113 97 64 22 4 9 19 71 38 17 49
3 2 3 13 255 255 79 18 9 3 6 9 2 5 6 8 5 4 16 63 38 8 68
2 3 7 13 255 255 57 14 3 4 10 4 3 4 1 6 2 4 23 63 34 4 61
2 4 4 20 255 255 43 10 3 4 3 8 4 4 3 6 1 3 57 88 34 25 92
87 62 34 36 255 255 23 7 4 4 3 5 3 5 2 6 2 6 91 87 30 129 255
255 255 255 255 255 255 9 5 5 6 6 1 6 2 1 7 7 8 109 77 52 221 255
255 255 255 255 255 228 5 7 3 0 0 3 4 3 4 5 11 4 140 86 85 241 255
22 23 26 20 14 3 4 6 1 2 4 4 2 3 6 5 8 11 159 72 112 255 255
11 7 9 6 7 6 8 5 3 2 1 2 4 7 6 9 5 10 169 63 130 255 247
4 6 8 9 10 7 7 3 6 4 4 3 1 3 5 6 3 4 176 58 125 247 237
4 2 2 1 0 3 6 2 5 4 4 5 5 4 2 1 2 2 177 78 132 249 237
4 6 4 4 3 3 1 2 3 3 1 0 4 7 1 4 4 4 156 68 113 255 241
5 1 6 2 7 1 1 4 2 4 3 4 2 4 5 1 4 10 135 53 86 248 245
9 7 8 0 6 3 2 4 3 6 7 6 2 2 2 2 5 10 125 62 69 242 231
6 7 6 2 7 4 1 3 4 5 3 8 3 3 8 5 5 11 113 46 54 235 224
3 8 2 5 6 3 3 1 4 3 5 4 2 7 7 4 4 5 115 58 57 232 224
1 6 3 4 5 5 1 2 3 3 4 6 8 5 5 3 2 1 105 75 44 231 225
4 6 3 4 4 8 6 3 5 3 8 7 7 8 6 10 5 5 80 54 22 233 228
7 8 7 5 8 11 11 15 7 14 98 229 255 255 255 255 255 255 255 112 26 234 235
20 91 226 255 255 255 255 255 255 255 255 255 255 255 255 255 244 135 136 124 29 227 235
255 255 255 255 255 255 255 255 166 57 80 198 255 255 255 255 255 255 255 142 22 229 255
51 75 196 255 255 255 255 255 255 242 255 255 255 255 255 255 174 45 8 9 5 168 232
255 255 255 255 255 255 255 255 126 24 13 39 54 50 48 41 33 10 6 2 11 112 100
25 29 8 34 33 40 40 46 31 13 10 4 7 3 3 3 6 1 2 9 53 136 93
13 7 106 118 116 5 2 4 10 7 6 11 8 11 17 14 16 70 114 124 143 139 55

34 36 7 5 1
6 24
4 7 6 5 7 2
9 10 4 5 6 4
9 5 2 8 7 5
9 5 4 6 4 4
8 5 4 5 6 7
6 5 5 5 2 6
5 3 5 4 2 6
5 5 7 7 5 2
5 5 7 12 6 2
9 7 7 12 12 7
34 20 9 2 7 7
244 240 240 233 236 234
255 255 255 255 255 255
23 24 24 29 31 27
4 6 3 6 7 4
5 6 3 4 6 3
5 8 7 5 4 3
14 10 4 1 4 6
6 2 1 1 4 6
14 11 4 6 4 8
2 12 15 10 6 18
8 1 13 5 30 80
44 60 79 68 92 87
214 212 207 192 191 174

32 43 7 7 0
23 14
26 29 29 28 30 29 30 30 25 31 29 30 29 26 24 28 23 29 26 27 80 82 73
32 34 28 33 32 32 33 28 32 32 30 29 28 28 31 27 30 28 27 30 82 72 72
30 35 31 34 34 34 35 32 31 32 34 36 32 28 27 30 32 29 30 33 76 75 74
36 37 37 34 34 35 39 38 40 36 34 40 42 35 32 32 31 33 33 37 77 73 72
45 42 46 38 39 42 43 42 39 40 40 40 40 40 38 37 36 38 41 34 72 71 69
51 50 47 48 50 48 48 48 48 44 49 47 43 46 43 42 44 41 41 36 76 69 63
92 89 92 86 86 91 86 89 90 88 92 102 104 106 110 112 120 108 126 127 68 67 64
161 157 160 177 183 183 178 155 170 160 151 148 143 138 138 130 129 109 100 80 72 72 67
108 115 107 116 101 121 118 121 125 119 119 116 108 106 107 101 94 95 81 73 69 64 65
96 97 92 95 99 93 89 99 97 96 107 101 89 90 89 92 88 83 71 72 65 64 63
82 80 79 82 81 79 85 81 85 87 82 83 73 72 78 92 75 73 64 68 63 66 66
74 72 74 77 79 77 81 76 75 75 81 128 74 33 73 153 65 66 177 116 60 57 63
70 68 66 67 67 65 73 66 64 69 68 70 65 66 64 64 62 59 59 62 56 53 59
66 60 61 66 64 66 63 64 62 67 67 62 63 62 61 62 59 56 52 49 53 56 57

0 0 7 7 1
22 22
38 42 6 4 4 3 3 4 4 4 4 4 2 1 4 3 2 3 2 0 2 1
40 43 7 7 4 3 4 5 4 3 3 3 1 4 5 3 5 3 2 5 10 14
43 48 39 174 255 255 255 255 255 255 255 255 255 255 255 255 255 255 255 255 255 255
43 95 255 255 255 255 255 255 255 255 255 255 255 255 255 255 255 255 255 255 255 255
37 255 255 255 161 63 25 13 9 30 36 17 14 22 23 12 39 30 17 9 9 25
21 255 255 48 18 13 19 14 11 14 33 24 12 10 22 24 22 27 35 17 9 13
25 255 255 60 9 4 8 14 19 8 22 23 13 8 22 34 17 9 14 9 20 15
12 255 255 142 17 9 14 38 30 16 20 18 20 31 51 90 105 116 121 135 159 151
14 152 255 216 19 14 22 33 33 88 95 103 105 107 116 119 124 131 126 115 129 136
15 104 255 224 12 4 25 21 99 153 100 96 97 77 64 41 24 14 23 28 36 42
16 92 255 215 19 9 18 10 99 101 4 11 14 9 12 13 7 13 24 21 13 16
18 106 255 215 23 9 19 10 101 95 6 6 11 10 9 11 10 12 18 20 21 20
4 98 255 224 31 15 23 31 122 109 1 1 3 4 5 11 14 14 16 22 20 23
8 92 255 225 38 20 25 79 156 160 9 5 7 5 6 11 13 14 12 21 23 21
7 95 255 222 32 23 20 80 108 172 5 9 15 11 9 12 16 10 8 13 21 28
7 92 255 226 28 19 16 81 140 173 8 8 14 9 10 17 18 12 11 17 12 17
9 76 255 242 29 20 15 46 130 140 7 4 10 8 6 12 18 12 6 18 16 16
9 46 255 255 21 25 20 24 114 112 2 6 7 11 12 11 8 11 13 16 14 17
4 17 255 255 34 14 19 16 102 104 6 4 4 5 14 16 9 16 26 19 18 33
2 20 255 255 101 7 12 30 109 112 6 6 8 3 12 8 5 9 21 15 7 25
4 36 217 255 182 11 18 22 119 107 7 4 9 9 9 12 6 10 13 19 10 19
9 42 131 255 226 8 21 9 107 99 4 6 7 6 4 12 13 6 9 13 10 18

46 0 7 7 1
7 22
1 1 0 2 3 2 2
229 230 236 238 236 249 255
196 207 210 208 215 233 249
56 51 36 43 43 33 67
27 27 23 22 29 6 21
41 13 18 34 17 6 11
32 21 30 20 2 15 13
225 219 227 206 178 161 112
229 224 224 210 192 193 141
23 48 73 87 88 174 174
43 64 82 87 92 209 161
59 78 91 94 105 233 134
72 91 97 97 99 242 125
87 95 91 92 92 255 105
91 87 84 87 86 255 80
84 84 87 82 81 243 41
77 83 85 77 79 221 10
78 83 86 75 68 189 10
79 79 85 73 62 144 30
68 66 68 65 52 84 34
64 62 62 61 52 38 58
59 58 63 53 52 29 84

29 36 7 7 0
29 15
74 90 78 68 78 76 78 74 75 70 76 73 70 71 78 68 63 64 69 53 52 60 57 32 183 175 162 160 161
73 88 77 65 78 77 78 77 81 77 76 74 81 83 83 75 73 80 69 64 53 59 50 35 180 173 160 159 158
69 85 81 66 83 89 90 78 75 77 73 60 56 53 62 58 54 54 62 55 50 60 44 28 184 175 160 159 158
72 86 74 63 72 88 61 54 56 54 54 52 49 55 57 54 49 52 50 53 47 61 40 26 179 176 160 159 158
72 84 76 64 68 67 62 60 54 54 54 53 52 52 61 54 52 51 52 52 49 61 39 34 181 174 159 158 157
71 85 75 61 63 59 55 60 54 54 56 54 55 52 55 55 53 53 54 51 53 60 37 30 179 174 159 158 157
66 85 73 58 66 71 69 62 57 52 53 56 51 51 54 53 55 53 49 55 57 62 30 39 182 177 160 158 156
64 67 63 62 91 96 86 84 77 78 92 74 73 77 78 77 71 69 68 66 69 73 48 29 183 175 159 157 155
106 99 93 94 127 150 156 131 125 139 157 160 158 155 152 163 152 152 137 156 145 142 107 34 184 174 158 156 154
147 149 149 149 152 152 151 138 98 87 88 87 80 82 78 76 76 80 85 88 142 130 72 33 183 176 157 156 155
153 153 152 149 147 146 146 147 87 89 85 85 74 67 71 75 74 84 82 124 127 115 77 31 181 174 157 156 155
151 152 149 150 152 151 151 153 88 78 77 74 75 75 74 72 75 105 123 122 128 130 93 26 187 176 156 156 154
151 150 151 148 148 146 140 131 89 78 74 77 80 77 74 72 82 76 78 67 65 60 51 29 186 181 156 157 154
56 60 50 53 52 47 52 55 62 73 86 96 116 131 151 165 171 172 181 179 188 188 187 191 181 177 157 158 155
199 204 202 199 205 201 203 198 198 199 200 200 200 201 199 191 194 191 203 190 189 181 183 166 168 164 159 154 159

27 4 7 7 1
21 8
16 17 16 16 16 17 16 17 16 14 13 14 14 12 11 13 12 10 9 7 8
19 18 14 11 16 20 21 17 13 13 13 12 14 12 17 19 13 5 6 5 7
63 83 99 110 125 150 166 160 85 54 60 81 145 143 148 166 175 176 192 203 211
255 255 255 255 255 255 255 255 255 255 251 255 255 255 255 255 255 255 255 255 255
220 219 198 174 166 155 126 228 255 255 231 210 183 148 111 91 101 96 86 87 83
74 37 17 21 18 14 7 28 46 35 29 59 44 61 49 21 35 26 31 30 23
85 43 23 26 37 33 23 22 28 28 32 25 51 58 53 49 38 14 8 5 21
98 83 75 62 32 19 12 37 39 16 16 6 41 27 130 127 116 134 126 76 116

6 0 7 7 0
28 21
151 150 149 151 149 150 150 149 148 151 149 149 150 151 151 148 151 151 148 149 149 150 150 151 151 150 150 151
152 151 151 150 148 148 149 150 150 149 149 149 150 149 149 149 150 151 146 146 148 148 148 148 150 150 150 149
153 150 149 151 150 148 149 149 149 149 149 148 148 149 150 150 149 150 146 148 148 148 148 147 147 149 150 149
152 150 148 151 148 147 149 149 148 149 149 148 145 147 145 147 148 148 143 141 141 144 142 148 141 139 140 139
87 86 83 83 80 79 73 71 72 68 67 65 63 61 58 59 60 56 58 53 54 57 56 54 54 53 53 50
45 46 43 45 43 45 46 45 44 40 47 44 43 47 47 47 45 46 46 48 47 52 47 50 47 48 47 46
47 45 45 47 45 47 46 45 44 46 45 44 46 44 47 46 47 47 46 48 48 38 64 66 56 45 47 48
45 43 45 45 45 44 47 45 46 46 45 43 46 46 46 50 49 47 46 48 47 30 56 67 59 47 48 49
44 46 46 46 43 43 48 47 44 46 50 46 47 48 47 47 49 45 49 46 48 46 48 46 48 47 51 45
45 46 46 46 45 47 46 46 46 46 45 47 47 46 47 47 47 47 46 46 45 46 44 47 47 45 45 46
45 45 46 44 48 44 45 45 45 46 47 45 47 47 46 45 45 46 47 45 44 44 43 44 44 43 43 43
48 45 36 40 38 36 37 37 35 35 38 35 36 35 35 36 35 38 37 37 37 38 38 40 39 39 39 46
47 49 46 52 49 54 58 54 61 61 62 64 69 72 73 79 83 87 97 71 73 71 77 84 64 51 54 50
47 45 112 162 155 157 156 175 169 166 169 172 167 168 171 168 167 167 168 140 137 138 136 137 56 56 54 59
45 30 147 163 159 159 160 171 169 168 167 168 168 168 168 168 169 169 168 162 158 163 172 162 57 64 67 58
48 36 159 163 158 157 153 170 169 169 167 168 168 168 168 169 169 169 173 139 130 139 141 140 65 63 61 54
47 34 144 166 159 157 153 168 168 166 166 166 167 169 167 167 167 167 173 135 132 134 142 138 65 59 63 52
45 26 139 163 157 154 144 166 166 164 164 164 163 165 163 165 165 165 173 135 126 131 138 140 71 64 64 54
46 34 131 159 154 150 141 162 162 161 161 160 161 160 160 162 163 162 165 125 123 123 137 135 65 64 60 62
48 45 129 151 147 142 131 153 154 152 150 154 151 152 152 152 154 153 154 121 116 118 125 129 65 67 64 62
46 40 92 105 107 132 125 146 144 141 143 143 144 141 141 142 143 142 148 113 111 111 119 121 65 67 64 63

0 5 7 7 1
5 29
45 46 21 14 11
38 36 15 14 11
36 31 11 9 7
36 34 14 9 6
35 33 13 7 7
38 35 14 6 7
31 30 14 7 9
29 25 9 4 7
33 30 9 4 6
27 27 9 7 9
53 20 6 6 7
43 24 6 6 6
38 25 6 8 5
22 12 8 8 2
23 13 6 4 3
27 14 7 5 5
25 14 7 6 5
25 8 9 7 7
25 8 11 10 11
19 5 6 10 17
18 5 5 8 21
19 6 6 7 23
19 7 5 6 26
16 8 6 7 25
18 8 7 9 26
21 8 6 7 26
21 12 10 7 25
23 12 13 6 22
14 7 13 7 19

4 5 7 7 1
17 17
38 89 143 144 32 5 5 10 5 4 5 6 7 5 6 4 6
61 255 255 255 255 255 255 255 255 255 255 217 70 2 6 7 9
52 255 255 255 255 255 255 255 255 255 255 255 255 255 255 255 255
41 255 255 4 5 7 7 5 8 29 124 255 255 255 255 255 255
37 255 255 7 2 4 4 3 2 1 2 5 7 5 6 9 45
28 255 255 4 3 4 4 5 3 2 2 2 4 3 4 4 3
22 255 255 6 3 1 1 2 2 2 2 2 3 4 3 2 3
20 255 255 3 1 1 1 2 2 1 0 0 0 2 3 2 1
17 255 255 2 3 2 4 4 3 2 0 1 2 2 1 2 1
13 255 255 2 3 2 2 1 2 2 1 2 2 1 2 1 3
11 255 255 3 1 2 2 1 2 2 1 2 3 2 2 1 3
17 255 255 3 1 3 3 2 2 3 0 1 2 2 1 1 2
118 255 255 3 1 2 2 2 1 2 1 1 1 1 0 2 2
255 255 219 3 1 2 3 2 2 3 1 2 2 1 2 4 1
255 255 58 0 0 0 1 0 1 2 2 1 3 1 3 2 2
255 255 9 2 0 0 1 1 2 2 2 0 2 0 3 2 1
255 255 7 2 1 1 1 0 2 2 2 1 2 1 2 1 2

0 0 7 7 1
7 26
63 109 14 17 17 13 7
65 106 16 17 16 12 7
57 100 41 88 119 126 122
75 105 255 255 255 255 255
50 141 255 255 255 255 255
58 145 211 173 61 21 114
43 111 205 180 77 12 103
46 114 188 174 81 16 103
32 116 192 190 80 29 125
40 105 195 193 66 31 148
49 114 186 196 74 40 155
44 126 201 202 77 30 145
46 128 194 191 68 31 148
31 113 209 199 50 43 152
45 101 228 203 29 38 156
36 95 231 188 32 42 152
54 113 237 202 37 38 148
42 112 223 202 59 60 137
51 123 235 214 77 57 111
41 117 226 197 66 74 127
46 122 223 190 51 59 134
50 139 220 182 44 48 136
41 142 217 176 40 44 134
40 141 214 178 56 33 129
50 155 216 158 63 19 120
64 169 228 147 66 22 115

33 45 7 7 0
24 6
98 97 96 97 95 95 92 95 92 93 92 92 91 87 90 90 90 91 79 217 217 216 217 220
94 96 97 95 94 95 94 94 93 91 92 91 88 90 90 91 90 91 81 216 216 216 216 199
104 103 103 101 101 100 98 98 97 96 93 94 88 91 92 89 91 90 74 216 216 216 216 181
102 114 107 108 103 105 105 105 106 107 101 127 100 94 108 104 107 107 79 215 216 216 216 143
59 53 47 45 48 40 45 41 43 41 38 37 39 40 47 51 60 63 58 216 216 216 215 124
218 220 219 219 216 218 219 218 217 217 219 216 216 215 213 215 213 213 215 216 216 215 216 132

0 23 7 7 1
5 16
14 13 255 255 8
28 22 255 255 9
43 35 255 255 17
47 36 255 255 65
48 33 255 255 181
40 41 185 255 255
29 60 105 255 255
6 28 50 255 255
13 10 32 255 255
4 15 27 255 255
18 9 5 255 255
24 23 4 255 255
16 19 9 255 255
11 17 20 255 255
12 30 44 255 255
11 48 38 255 255

48 14 7 7 1
6 6
5 4 4 25 255 255
4 3 2 17 255 255
2 4 3 20 255 255
7 8 4 21 255 255
8 6 6 14 255 255
4 3 6 5 255 255

44 41 7 5 1
13 19
5 7 6 4 2 1 6 255 255 4 5 3 229
4 2 4 6 5 3 9 255 255 5 4 6 255
3 3 4 1 3 3 13 255 255 3 3 9 255
8 9 5 4 7 8 11 255 255 4 5 14 255
4 7 3 8 8 9 21 255 255 5 4 17 255
8 5 7 5 1 1 26 255 255 2 1 53 255
54 52 28 30 32 34 59 248 255 1 0 108 255
112 136 112 104 81 73 88 255 255 1 1 166 255
207 235 242 237 229 227 242 255 255 0 2 176 188
255 255 255 255 255 255 255 255 158 2 2 174 93
5 4 7 6 5 7 5 2 3 2 2 192 102
4 4 3 2 1 2 3 3 1 1 2 212 115
3 5 5 3 0 0 1 1 1 1 4 208 105
2 4 6 5 2 1 3 4 3 3 4 197 149
47 44 33 20 19 23 20 16 8 3 1 143 147
42 67 84 80 68 72 75 85 70 55 59 87 66
101 73 49 59 52 110 100 110 56 48 59 56 17
106 98 4 12 1 133 75 141 27 9 23 32 46
114 63 9 10 56 125 47 98 42 50 62 40 28

27 0 7 7 1
6 4
188 247 237 209 177 155
196 206 179 186 194 199
54 21 33 47 45 45
42 41 59 63 65 71

2 6 7 7 1
7 20
28 90 191 187 193 198 201
23 214 255 207 205 210 207
23 252 247 28 11 8 4
13 245 207 24 9 8 8
34 254 188 11 0 1 1
78 255 158 5 0 0 0
118 255 120 3 2 2 1
153 255 96 7 4 3 3
182 255 62 11 4 2 5
194 246 24 11 4 2 1
212 244 6 8 3 5 4
230 245 16 2 2 5 2
241 241 28 4 4 2 0
251 247 38 9 6 6 4
254 244 36 8 5 6 4
253 250 31 5 1 2 0
243 244 27 8 1 2 0
250 230 20 10 2 2 0
253 222 18 9 2 2 0
253 210 17 7 3 3 2

