32 43
89

17 21 7 7 1
6 16
57 34 17 17 35 255
49 32 13 24 36 255
45 32 6 29 166 255
44 32 6 36 255 255
47 27 15 45 255 255
41 26 20 39 253 249
38 21 21 160 255 218
38 14 25 255 255 110
41 14 38 255 238 15
36 13 158 255 251 24
26 11 255 255 125 8
21 147 255 254 11 5
21 255 255 111 11 4
21 255 255 8 18 21
101 255 255 19 13 42
255 255 139 7 11 18

8 4 7 7 0
4 4
155 153 154 156
144 148 145 146
140 137 135 131
129 126 121 119

19 1 5 7 1
9 6
29 77 132 255 255 255 110 4 7
76 101 52 62 196 255 255 129 9
33 93 59 41 21 117 255 255 134
41 133 37 39 49 64 60 255 255
85 180 41 36 53 67 71 71 255
124 179 51 38 59 47 37 57 255

23 18 6 7 1
4 13
38 255 255 11
48 255 244 8
60 255 230 21
70 251 209 19
125 255 206 20
209 255 145 13
252 255 55 14
255 233 7 12
255 213 12 12
255 190 13 9
255 177 13 14
255 157 16 8
255 71 20 9

2 6 7 7 1
14 19
135 140 126 34 55 119 55 103 151 131 70 58 58 40
223 91 27 40 37 135 82 38 108 111 67 68 65 83
255 255 108 46 19 151 107 52 130 80 34 76 139 120
94 250 222 234 188 190 137 49 150 85 80 17 49 27
107 107 72 88 186 182 255 255 255 199 226 164 180 219
79 74 127 154 190 79 219 154 130 94 72 71 73 61
96 108 52 40 89 79 255 255 255 238 145 144 40 41
110 131 56 25 67 111 50 52 38 119 33 127 43 76
114 142 92 65 56 63 124 47 44 115 135 153 59 68
92 113 121 40 140 132 155 103 20 27 81 35 50 65
85 109 126 141 105 31 23 115 116 37 69 47 79 71
122 148 79 28 73 60 75 6 110 107 143 162 107 66
133 129 64 44 39 50 26 48 7 83 152 93 23 21
118 180 99 32 41 115 86 77 103 90 56 10 6 3
120 194 167 143 104 99 107 111 104 51 22 14 21 33
105 145 190 154 126 81 68 17 24 45 71 56 51 50
61 58 73 128 135 154 77 30 24 34 55 75 64 49
52 53 83 82 77 131 151 54 35 22 6 13 19 23
65 48 101 45 22 30 95 57 40 37 31 18 24 9

0 5 7 7 1
11 16
57 101 152 178 190 158 62 114 86 114 126
86 132 135 140 126 34 55 119 55 103 151
255 255 223 91 27 40 37 135 82 38 108
163 255 255 255 108 46 19 151 107 52 130
30 126 94 250 222 234 188 190 137 49 150
40 143 107 107 72 88 186 182 255 255 255
24 124 79 74 127 154 190 79 219 154 130
45 122 96 108 52 40 89 79 255 255 255
71 112 110 131 56 25 67 111 50 52 38
109 120 114 142 92 65 56 63 124 47 44
102 109 92 113 121 40 140 132 155 103 20
70 127 85 109 126 141 105 31 23 115 116
71 137 122 148 79 28 73 60 75 6 110
114 125 133 129 64 44 39 50 26 48 7
125 57 118 180 99 32 41 115 86 77 103
127 53 120 194 167 143 104 99 107 111 104

12 19 7 5 1
13 20
39 44 36 36 25 60 95 61 40 27 26 152 173
9 22 40 32 29 54 54 29 7 11 11 235 254
9 16 22 20 23 23 37 49 14 13 14 255 247
15 8 13 15 9 9 17 45 18 10 33 216 255
26 29 8 15 7 5 9 43 24 19 52 75 199
18 34 44 40 28 21 21 51 36 24 37 16 43
15 6 23 23 16 27 43 55 41 16 15 11 19
12 16 6 5 2 23 21 15 16 13 15 13 23
20 17 7 4 22 26 16 3 18 21 10 10 18
1 11 27 26 36 33 16 9 18 31 9 18 19
11 10 7 27 49 19 17 13 9 29 14 15 15
4 9 16 15 36 36 10 7 14 18 16 13 14
15 15 5 20 47 22 4 5 18 19 6 6 14
18 17 4 22 24 12 14 15 16 6 6 4 8
11 12 26 23 19 22 13 14 21 12 12 5 8
19 24 22 24 32 36 16 21 26 18 23 9 7
38 34 25 31 33 34 27 24 13 9 14 8 11
28 30 32 31 17 20 12 2 14 24 16 5 9
8 7 6 12 11 16 16 25 21 16 11 12 21
24 23 19 23 19 23 29 27 16 18 25 23 18

22 0 7 7 0
4 8
223 97 115 88
244 89 100 94
54 88 66 151
49 74 64 177
51 72 89 176
46 50 117 176
66 44 165 167
66 92 173 163

1 30 7 5 1
7 9
58 108 73 19 9 14 14
103 92 74 18 5 8 9
98 87 85 25 19 15 10
79 96 96 17 14 17 11
17 86 91 18 11 12 12
20 83 90 24 19 16 13
24 69 96 29 28 27 23
47 42 162 204 219 180 116
62 100 59 17 63 64 51

2 15 7 7 0
13 11
50 51 34 38 41 35 29 34 39 34 37 39 42
40 34 38 34 39 31 30 31 33 38 37 38 41
41 36 35 28 33 32 22 24 30 37 34 38 40
40 43 33 29 32 29 24 27 29 33 32 38 37
42 38 33 41 36 35 26 25 67 89 29 29 40
51 49 47 45 38 34 42 108 137 109 29 39 33
78 56 44 32 38 32 114 85 83 129 44 136 153
89 101 116 122 130 111 95 103 111 146 141 142 161
68 73 75 70 74 84 89 92 115 137 155 170 122
72 72 74 74 78 79 75 79 84 82 79 77 86
68 76 75 79 168 204 195 151 86 84 86 79 79

0 18 7 6 0
5 20
43 38 68 38 37
94 40 42 42 32
111 96 115 123 125
25 46 61 59 56
38 54 64 66 61
33 52 67 69 71
50 58 66 64 67
50 58 64 66 63
35 54 62 64 66
30 54 66 64 64
32 52 64 63 64
35 49 67 64 67
36 47 67 69 69
39 37 66 63 62
32 33 67 68 68
33 31 60 58 72
43 40 61 66 64
41 43 58 64 64
47 50 59 65 67
61 65 45 44 48

24 0 5 7 1
4 19
38 19 15 23
233 135 36 29
231 255 135 25
88 255 255 133
246 43 255 255
200 255 37 255
38 255 196 145
62 151 255 41
40 42 220 101
61 149 234 91
96 184 153 19
193 255 65 68
255 192 40 109
89 8 57 119
3 37 74 119
5 43 64 84
3 53 77 83
6 64 68 61
26 75 49 64

24 17 5 7 1
4 12
255 255 110 42
255 255 29 1
255 239 65 52
255 153 64 66
255 103 31 38
219 20 13 11
197 11 15 12
179 2 13 21
112 12 15 22
22 5 11 14
9 14 8 10
7 11 13 11

22 0 5 7 1
6 6
1 4 13 29 33 50
178 11 12 26 49 66
255 255 148 27 53 59
255 255 255 162 46 45
29 190 255 255 3 53
44 218 255 214 44 65

0 21 7 7 1
5 9
255 255 45 29 14
255 249 29 17 8
213 255 36 14 9
118 255 37 23 9
122 255 40 38 20
131 255 30 46 40
120 255 18 37 42
99 255 64 23 26
61 255 92 27 19

12 33 7 6 1
12 5
117 119 119 86 53 40 37 44 50 44 255 251
111 81 105 108 70 32 21 33 25 172 255 213
60 28 24 44 54 62 52 46 109 255 255 45
129 104 110 124 131 94 73 207 255 255 39 110
92 81 65 114 176 241 255 255 214 72 39 32

20 28 7 5 1
4 11
3 25 195 80
20 50 201 71
15 81 216 46
5 188 255 90
14 255 230 190
50 255 210 151
103 255 146 68
165 255 92 36
255 221 25 5
152 40 43 36
26 11 36 20

0 0 7 7 0
14 14
202 204 201 239 240 234 222 217 211 212 218 185 171 169
203 204 200 201 238 239 149 166 152 152 190 190 189 222
204 200 201 218 132 143 79 152 88 99 94 153 189 210
206 205 170 155 165 171 186 225 110 99 107 196 216 214
205 168 171 155 151 162 80 43 112 101 123 222 216 213
241 154 212 227 187 174 134 125 101 85 132 185 221 220
232 187 236 238 166 173 196 164 209 221 216 209 207 206
224 197 228 230 194 175 176 219 203 194 182 186 189 150
200 216 212 231 181 181 175 179 174 199 131 171 191 196
177 194 218 185 200 200 193 192 207 200 212 252 239 243
117 192 178 194 208 213 220 209 203 219 224 228 219 211
128 142 186 165 135 173 205 220 216 226 227 232 235 230
90 107 196 180 172 161 160 130 148 218 207 215 218 227
117 87 127 185 182 173 187 186 182 170 166 165 149 141

24 9 5 7 1
4 7
171 68 28 66
59 49 15 88
64 95 25 101
36 95 29 101
49 95 50 90
52 83 53 88
23 150 53 90

16 0 7 7 0
5 8
201 193 167 198 176
207 208 194 193 183
179 187 156 213 171
195 162 206 180 198
163 113 219 206 187
211 213 218 176 198
207 212 201 182 216
201 210 195 169 179

17 0 7 7 0
8 6
82 124 205 202 205 207 205 207
58 34 93 83 76 83 84 94
68 38 27 61 88 41 49 69
22 22 26 53 89 58 50 96
23 24 25 64 67 43 67 78
62 27 26 63 23 46 63 91

0 5 7 7 0
6 11
33 69 100 71 15 20
34 40 42 52 107 34
40 39 41 41 34 68
39 31 39 40 37 62
37 36 31 41 36 51
51 42 42 41 33 62
34 41 43 36 40 61
39 45 49 41 33 54
39 39 41 39 37 51
43 37 39 41 35 39
41 41 45 39 36 42

1 1 7 7 0
6 19
36 35 40 38 88 44
105 83 36 39 75 40
50 56 84 89 50 45
53 46 41 37 45 43
53 41 51 43 42 41
49 47 42 44 41 39
51 49 45 46 40 40
48 43 44 41 37 38
44 42 34 61 85 37
48 39 45 38 55 102
37 37 40 46 42 44
37 37 41 43 41 41
42 39 46 50 44 46
36 35 53 38 41 42
34 38 42 39 45 45
34 37 35 37 40 44
34 39 37 36 38 43
35 38 34 30 35 48
34 37 34 33 36 42

4 19 7 7 0
9 14
33 36 42 40 35 36 33 35 43
35 31 37 39 38 35 36 41 42
29 35 40 39 34 35 36 43 43
33 33 37 34 35 33 40 41 41
33 36 36 34 32 39 40 40 44
30 38 35 39 40 36 39 37 32
33 32 36 36 32 35 37 36 37
33 35 32 34 35 36 38 36 37
32 39 72 24 21 29 34 32 28
86 39 34 36 38 36 38 37 36
119 118 123 125 121 122 121 119 122
116 119 120 127 126 132 125 124 126
115 120 119 127 127 129 130 129 128
111 118 119 124 124 127 126 127 127

0 13 7 7 0
5 6
153 67 46 228 187
154 72 48 55 205
161 71 54 44 41
149 69 47 45 44
161 71 48 46 43
162 71 41 39 42

11 35 7 5 1
14 4
9 13 7 8 12 5 4 4 23 51 71 71 68 42
18 15 1 7 12 5 24 51 96 107 72 47 26 22
8 7 6 22 55 82 102 101 89 50 30 31 35 40
200 188 155 146 140 114 80 53 41 28 29 16 23 16

4 35 7 5 1
8 4
178 62 17 12 13 2 5 17
223 197 108 22 3 2 7 20
121 213 255 188 97 19 7 3
22 48 125 211 224 187 181 159

14 24 7 7 0
4 8
34 31 27 32
34 31 31 29
31 31 33 31
29 32 33 29
30 35 29 27
29 30 30 32
31 29 33 29
29 33 29 29

0 30 7 5 1
14 9
27 64 74 58 61 22 5 9 9 5 1 8 5 7
20 43 63 74 64 16 7 4 4 5 5 6 9 9
39 36 72 93 49 15 6 4 1 9 10 7 10 8
25 26 69 129 71 13 5 4 5 8 6 9 9 7
49 32 15 122 98 18 10 1 6 2 4 5 5 3
7 23 16 102 144 38 5 4 3 3 2 3 3 2
24 26 25 75 182 141 52 5 4 7 9 13 5 4
12 16 20 13 80 160 142 89 52 41 19 7 3 2
21 33 8 9 8 67 104 124 110 112 100 92 81 91

18 31 7 5 0
8 8
113 113 105 78 65 34 37 33
110 113 100 79 58 57 66 71
112 111 97 85 65 70 74 80
110 108 90 79 73 78 89 93
109 107 86 77 81 88 99 100
110 104 84 81 94 105 108 109
104 93 78 92 100 106 106 113
105 101 79 104 111 114 111 112

10 30 7 5 0
4 9
117 112 114 116
114 111 114 113
111 109 114 111
107 114 110 111
111 107 111 107
108 109 109 109
107 107 106 109
104 109 107 108
103 92 90 96

0 32 7 5 0
5 7
105 123 116 124 124
113 107 109 121 130
105 97 102 90 123
118 112 105 108 125
113 115 121 106 115
88 106 96 90 96
126 106 114 106 116

24 6 5 7 0
4 11
122 121 53 80
116 111 63 78
121 34 73 74
105 35 80 75
95 34 86 73
87 36 86 70
79 36 82 70
63 39 81 70
55 47 75 64
43 68 71 69
39 79 71 65

14 6 7 7 1
12 11
106 44 75 21 19 14 31 50 65 149 203 159
72 66 51 103 101 87 65 40 8 51 120 122
176 56 52 52 25 52 65 63 20 108 151 125
86 82 47 10 65 56 14 53 115 155 91 57
30 28 13 56 39 18 33 33 57 95 186 255
46 44 26 43 31 19 32 137 200 211 222 121
162 172 162 173 160 154 180 238 190 181 59 37
231 255 255 240 226 217 204 161 46 96 69 45
13 12 8 1 6 3 10 24 55 91 74 72
16 9 11 4 5 8 10 19 56 93 58 73
3 7 9 6 3 8 6 15 47 84 57 95

3 5 7 7 0
5 10
178 186 176 181 191
173 175 187 188 174
179 191 192 199 143
177 178 179 179 191
176 178 174 179 184
180 179 180 180 181
181 180 177 182 182
179 179 181 182 184
180 179 181 182 185
180 180 180 183 186

0 10 7 7 1
6 7
50 255 255 9 12 12
49 255 255 13 21 17
43 255 255 21 19 9
34 255 255 23 25 17
34 255 255 24 23 22
38 255 255 24 29 30
44 255 255 15 30 31

10 0 7 7 1
14 5
203 228 243 255 255 255 255 255 255 221 171 145 86 47
46 47 54 49 79 39 113 93 84 96 127 136 159 144
136 137 133 133 168 111 132 89 52 24 38 25 33 64
87 102 98 86 80 37 28 93 124 106 119 122 143 141
142 157 142 113 107 70 65 87 145 169 163 154 128 173

0 15 7 7 0
4 6
126 123 77 77
127 119 74 80
124 117 63 74
123 119 71 75
119 113 61 72
120 113 70 78

5 25 7 5 1
10 14
7 0 1 3 5 4 4 6 4 3
5 5 4 4 8 3 3 9 4 4
10 11 6 5 3 1 4 10 8 6
7 13 3 4 1 3 5 5 2 7
7 14 8 7 5 6 5 2 6 9
4 5 13 3 3 4 4 6 8 7
3 5 7 6 1 6 4 6 8 9
12 4 8 5 3 3 2 5 5 7
10 12 9 5 8 7 8 6 11 8
5 8 8 9 10 8 12 8 10 2
59 30 5 6 4 2 4 10 8 2
93 95 61 58 27 2 6 8 4 5
33 61 69 98 101 61 58 47 8 7
9 19 18 43 84 81 79 98 86 96

17 0 7 7 1
7 10
182 134 86 41 16 0 4
255 255 255 255 234 215 144
151 203 238 255 255 255 255
16 28 32 42 68 114 88
17 125 231 248 217 220 131
196 232 199 84 91 39 81
80 65 132 246 214 202 186
255 255 234 194 188 237 210
142 188 177 167 148 77 3
20 7 4 7 18 13 1

0 26 7 7 1
8 10
117 132 10 14 24 22 22 17
121 130 6 12 24 28 27 20
143 120 6 9 16 28 25 24
109 94 5 2 6 23 21 21
35 110 57 3 4 15 19 22
22 72 130 49 5 11 9 14
36 29 71 114 51 5 6 7
10 26 26 65 105 46 11 4
7 8 19 13 56 76 56 16
15 19 18 11 17 29 80 106

19 11 7 7 1
6 7
56 66 61 54 61 255
43 48 36 34 36 255
16 13 10 10 4 255
4 6 3 3 133 255
3 5 4 6 255 255
4 5 5 4 255 255
7 2 9 3 255 255

5 0 7 7 0
10 20
66 118 149 177 191 196 199 201 202 202
63 43 55 104 50 34 87 156 186 197
26 23 17 20 15 20 22 26 58 125
20 20 13 16 16 19 17 24 24 22
21 20 13 21 19 15 19 19 22 27
17 18 25 34 37 27 33 27 22 22
50 43 32 32 40 45 30 27 23 36
74 52 27 32 36 46 29 30 33 42
68 81 51 51 42 48 26 20 32 49
147 129 105 63 50 71 63 53 57 64
36 107 154 152 133 111 77 54 38 51
44 42 40 40 38 44 63 54 51 46
41 34 44 40 35 35 24 23 29 25
44 38 36 39 30 29 27 26 27 27
35 36 37 39 33 28 27 26 25 24
33 38 37 30 32 28 23 22 22 25
34 32 35 36 30 23 23 22 22 26
33 36 32 30 35 24 21 25 25 26
32 35 34 34 33 27 23 21 21 26
33 35 30 26 23 25 26 20 22 25

13 22 5 6 1
15 16
96 91 85 91 115 102 116 146 25 68 99 26 12 9 130
18 11 7 17 50 47 141 150 10 71 101 21 15 6 133
128 136 136 145 179 168 196 134 3 80 105 12 20 3 144
139 133 133 146 182 174 125 72 7 146 212 115 133 121 218
3 1 8 18 49 49 7 15 6 214 255 147 163 147 184
5 8 11 20 56 45 2 11 7 228 242 28 39 31 47
6 7 4 23 57 43 5 11 11 230 226 2 13 12 20
12 7 6 25 58 47 10 9 17 234 230 8 13 15 34
15 7 7 26 53 36 13 15 35 237 210 17 24 18 37
13 7 9 30 60 34 10 20 55 240 193 14 15 4 33
7 8 8 26 57 33 12 23 91 206 178 65 60 62 88
3 8 4 29 51 30 16 32 131 141 122 124 91 106 120
18 15 11 43 52 26 25 85 176 93 23 63 58 45 46
17 12 6 41 50 14 33 118 152 37 38 10 34 28 18
9 7 10 45 59 9 79 138 85 16 26 32 8 32 26
71 66 69 93 105 99 163 110 16 45 29 12 26 14 20

21 20 7 7 0
5 7
19 16 19 17 18
19 14 15 19 19
18 17 20 19 16
17 22 17 17 14
19 18 16 21 22
16 17 15 17 17
17 18 15 14 20

18 16 5 7 1
10 8
161 139 144 73 12 12 3 101 113 15
51 51 48 22 4 6 10 101 110 14
1 1 2 1 1 3 6 100 111 19
6 5 3 4 1 3 2 97 110 15
9 5 6 4 4 8 2 94 109 14
7 1 7 4 4 9 3 93 111 17
4 8 6 6 8 7 7 94 115 22
5 2 1 5 1 5 5 90 110 26

14 34 7 5 0
7 5
130 126 129 132 133 127 125
128 133 124 131 131 127 130
119 124 112 156 155 124 122
123 126 130 129 118 114 103
149 132 125 130 135 134 129

17 11 7 7 0
5 4
193 199 181 187 192
187 182 182 187 201
184 167 189 184 192
181 199 200 193 172

11 27 7 7 0
4 10
12 12 11 9
12 10 11 10
10 8 8 10
9 9 9 9
7 14 12 10
11 9 8 4
10 10 13 11
11 12 12 8
11 11 8 11
6 10 9 9

11 34 7 5 1
5 5
11 9 11 4 2
5 3 4 5 2
2 2 2 2 4
2 3 0 4 17
45 44 56 56 71

6 18 7 7 0
9 9
16 19 19 21 18 14 25 20 16
14 21 15 17 16 11 14 19 16
15 19 18 15 18 16 18 14 18
20 16 19 17 16 17 15 14 21
18 13 19 19 19 16 18 17 19
16 18 17 14 16 14 18 16 15
18 18 16 15 14 18 20 17 17
14 13 21 19 20 19 17 17 18
19 16 18 14 20 17 16 19 13

0 15 7 7 1
4 10
159 25 16 11
162 26 9 8
169 38 16 12
182 53 12 8
181 76 13 6
177 96 17 12
175 120 19 17
165 130 15 17
155 131 9 15
191 164 12 9

14 0 7 7 1
6 5
181 194 192 178 91 19
101 117 114 107 107 110
19 29 31 32 32 39
122 113 118 111 106 130
136 66 2 24 26 45

0 35 7 5 1
9 4
24 86 164 139 67 25 25 11 6
18 62 128 178 178 137 95 32 1
17 23 43 78 119 172 199 165 127
13 11 25 31 25 67 125 162 167

7 33 7 6 0
14 5
30 27 27 26 29 26 31 26 27 28 29 25 25 21
27 34 26 27 30 32 28 28 23 27 27 20 23 16
32 29 30 28 28 27 28 26 25 26 22 25 24 17
27 24 30 26 28 28 24 32 22 22 24 21 20 18
30 26 25 27 24 23 24 24 22 21 22 41 53 58

0 0 7 7 1
13 9
4 2 4 6 6 6 8 5 6 6 26 75 105
0 2 2 7 7 10 45 79 96 103 110 132 152
3 5 32 82 114 118 108 101 83 58 43 45 56
74 97 110 107 78 43 31 22 60 69 52 54 69
101 98 65 20 30 59 60 50 46 37 47 61 56
114 96 11 34 51 53 49 49 58 58 62 61 34
68 94 40 4 15 33 45 54 60 64 67 58 44
48 80 46 14 8 5 5 11 11 10 11 7 15
39 79 52 16 7 4 2 4 0 3 4 8 20

0 20 7 7 0
13 15
6 7 10 10 6 6 8 7 8 8 8 7 8
10 7 9 8 9 7 7 6 7 9 8 9 11
7 9 7 6 8 8 8 9 8 10 8 8 10
9 6 9 9 9 5 5 7 7 8 7 10 10
7 9 1 8 8 10 6 7 9 6 8 8 12
9 9 7 8 9 5 8 10 8 6 10 8 10
6 6 7 6 6 6 7 12 13 6 9 6 10
8 7 6 8 8 7 7 7 7 10 5 8 10
8 4 8 6 10 9 7 9 10 10 6 10 7
5 8 9 9 8 9 10 7 9 9 8 8 9
5 8 9 9 8 8 7 10 7 9 10 11 9
8 7 9 4 9 8 10 6 7 7 9 9 11
10 9 6 5 9 5 7 6 8 10 7 9 8
9 8 8 7 7 7 8 7 8 7 7 10 8
20 7 5 7 5 8 8 6 6 6 7 7 8

11 20 7 7 0
13 12
54 54 54 53 54 55 58 51 56 52 48 43 33
53 52 53 52 50 53 53 50 51 47 49 46 15
52 52 52 53 52 51 50 51 48 52 47 48 16
52 52 53 50 49 51 48 48 47 47 48 40 17
49 50 51 50 49 49 48 49 47 49 43 43 22
48 47 52 48 48 48 46 45 47 46 43 37 25
47 50 52 44 47 46 45 44 43 44 40 28 35
46 46 46 47 47 44 41 42 41 42 40 15 36
48 43 43 47 44 42 42 41 39 43 40 17 45
46 46 44 44 42 43 40 40 38 36 34 20 53
45 43 42 44 39 36 41 36 39 35 32 20 59
44 43 42 40 41 40 39 35 35 36 24 25 66

0 32 7 7 1
12 5
27 27 80 117 54 27 23 20 12 24 32 19
32 15 57 111 55 27 28 20 7 10 20 21
42 23 45 93 54 23 31 28 21 17 15 21
36 31 31 75 71 35 36 32 40 38 20 15
11 17 17 42 78 57 55 52 65 76 61 37

2 27 7 7 1
6 7
28 3 4 5 6 9
62 9 10 7 6 7
89 9 6 8 3 6
94 9 9 11 6 6
95 11 11 9 10 10
89 10 12 6 8 9
82 8 17 14 11 5

6 11 7 7 1
14 8
160 134 41 116 179 255 255 217 234 238 255 241 187 125
111 151 140 115 87 40 166 172 168 140 123 40 59 123
24 48 104 124 140 159 145 119 115 105 88 87 116 64
76 98 69 30 28 53 71 65 69 69 68 65 35 52
176 54 53 86 84 78 72 66 59 59 34 46 50 15
239 255 161 43 41 67 71 82 91 79 79 72 134 203
61 165 237 228 202 186 154 128 158 188 243 255 210 176
9 21 94 153 183 214 223 195 232 226 199 130 45 15

7 29 7 7 0
9 8
11 13 15 12 10 15 13 12 13
16 16 14 10 15 12 16 13 14
10 14 18 14 14 13 11 13 13
11 11 10 11 11 13 17 13 12
16 12 8 14 12 11 15 16 17
16 15 15 10 11 14 10 15 12
12 14 13 13 18 15 12 14 10
17 10 11 9 16 12 13 13 12

17 19 7 7 0
7 15
129 97 19 18 20 17 21
22 17 16 20 22 20 21
16 18 16 24 19 18 17
19 17 19 18 21 16 18
19 21 16 15 17 19 19
18 18 17 13 18 22 18
17 22 17 21 20 16 17
18 14 20 20 18 19 18
18 17 19 23 16 21 18
13 18 17 16 22 19 17
17 17 15 18 18 21 18
15 18 14 15 13 17 19
19 17 23 22 15 15 16
18 15 13 16 14 18 14
18 20 17 15 20 20 20

17 28 7 6 1
8 10
10 3 6 8 1 7 3 6
5 5 6 11 11 3 2 8
14 9 5 7 16 11 7 8
1 5 10 12 9 5 15 11
11 12 11 4 9 2 14 32
4 6 7 4 6 3 13 53
5 3 6 5 11 36 71 125
1 1 7 46 91 130 140 123
13 55 111 138 122 99 70 39
97 141 136 89 57 39 25 5

5 27 7 7 1
5 4
1 10 8 8 5
10 12 17 15 14
15 21 23 18 13
15 17 11 18 9

3 27 7 6 1
13 11
3 8 7 9 21 57 42 13 14 11 6 7 10
13 13 11 13 25 52 40 17 9 6 11 9 11
18 10 8 14 24 47 39 11 5 8 7 9 7
9 8 6 8 28 59 47 11 9 13 6 9 13
44 3 7 5 40 65 39 12 9 9 6 15 20
115 43 8 17 51 60 24 7 11 16 17 24 18
109 94 18 20 53 57 26 19 15 21 20 19 15
56 110 52 13 45 54 28 21 19 13 17 18 20
20 63 88 24 45 57 21 11 13 15 19 13 16
29 26 52 86 33 60 29 15 12 11 14 19 27
29 11 20 60 81 70 41 17 15 26 46 79 93

0 27 7 7 1
5 10
104 90 13 13 7
83 71 7 7 9
77 106 49 11 7
24 85 125 48 7
17 16 91 86 15
18 17 39 96 55
35 15 19 78 126
57 24 11 30 76
32 38 21 44 18
19 54 44 5 21

12 6 6 7 0
15 18
34 51 76 48 88 75 69 64 96 129 113 114 137 156 182
118 113 47 51 90 123 102 62 97 154 174 175 169 173 161
173 182 183 180 179 173 150 133 136 146 145 139 141 120 58
140 133 129 128 122 115 92 103 109 110 120 132 131 125 90
119 125 136 135 139 141 132 136 140 135 137 131 134 55 103
151 148 148 147 138 128 121 107 119 123 128 132 116 62 119
120 122 124 119 121 124 121 121 120 121 117 121 118 71 130
129 127 121 126 124 122 123 120 117 119 121 119 115 81 136
129 126 126 125 124 124 123 124 120 121 120 118 109 95 140
125 126 128 126 125 124 122 119 121 120 118 115 61 106 148
127 126 123 124 123 120 123 119 118 119 116 119 64 116 151
126 126 122 124 124 123 120 119 120 116 116 117 77 126 151
123 126 124 124 122 124 120 118 119 120 117 110 87 137 152
125 125 124 124 120 119 119 115 118 115 114 104 96 140 151
123 124 124 124 122 121 117 118 118 113 114 58 105 144 154
122 123 120 120 119 119 115 113 114 112 113 65 110 146 155
119 119 121 122 110 114 116 113 115 115 117 73 124 148 156
120 118 120 120 116 113 115 115 115 111 104 78 128 148 151

0 23 7 7 0
9 14
66 44 25 82 85 86 86 88 91
51 70 23 76 81 87 85 84 88
45 37 48 78 85 82 86 83 84
66 52 37 77 82 80 83 86 89
56 48 32 78 77 81 78 83 81
49 40 54 72 82 80 78 86 84
49 64 52 76 74 78 80 79 82
76 63 47 65 75 77 76 79 80
73 66 58 44 69 76 79 80 82
64 56 67 67 58 68 76 75 79
67 54 75 75 55 46 71 74 79
70 54 64 75 76 53 52 72 77
65 72 64 69 57 69 56 56 74
56 71 78 74 56 57 71 64 60

1 4 7 7 1
12 4
21 47 71 83 53 28 13 10 25 31 21 15
39 38 11 23 46 71 83 66 51 41 25 6
15 36 40 42 42 18 13 34 64 90 100 84
15 13 12 12 35 40 43 46 36 19 18 39

0 27 7 6 1
14 11
255 150 5 6 7 7 6 9 14 9 9 7 17 23
255 255 6 5 6 7 6 8 10 7 9 6 18 24
255 255 12 8 7 9 9 12 10 7 8 6 19 24
255 255 16 11 7 10 11 15 10 7 6 4 15 24
255 255 23 16 8 7 8 12 8 6 4 4 12 23
255 255 32 17 13 8 9 9 6 5 3 5 8 18
255 255 33 11 10 11 13 10 6 5 2 3 4 12
255 255 179 7 5 8 12 10 4 4 2 3 9 14
219 255 255 176 6 5 13 12 2 2 4 6 14 16
39 255 255 255 255 169 18 22 9 4 2 7 15 20
5 33 226 255 255 255 255 236 35 4 5 55 255 255

17 32 6 5 1
10 7
15 7 4 6 14 164 234 60 0 0
14 2 3 9 20 186 197 10 0 0
11 4 12 17 7 211 205 10 0 0
8 15 28 25 162 255 175 2 0 0
13 39 30 210 255 220 75 0 0 0
11 90 255 255 184 55 2 0 0 0
197 255 255 155 30 3 0 0 0 0

12 24 7 7 1
12 11
38 24 17 13 11 10 11 12 10 3 58 74
33 22 18 14 13 11 9 11 12 3 59 61
32 21 17 13 13 12 12 13 12 5 57 56
32 21 18 14 14 12 12 15 14 8 62 57
33 20 21 18 16 15 13 12 15 8 62 51
36 21 20 18 16 15 14 9 12 17 64 42
32 21 21 17 15 16 18 13 10 27 63 34
31 22 24 19 15 15 17 13 8 33 59 26
29 21 22 17 14 13 14 12 12 48 54 12
24 14 21 16 10 10 12 14 29 46 31 9
27 11 18 19 15 18 21 31 28 24 15 8

0 0 7 7 0
14 5
253 253 253 253 253 254 253 251 250 252 246 251 251 254
253 253 253 252 254 253 250 124 66 92 109 150 203 238
253 253 250 248 251 187 60 98 124 152 104 98 91 78
253 255 249 243 71 95 70 101 117 142 115 108 98 91
255 253 85 86 84 89 85 90 123 144 116 110 104 91

14 10 6 7 1
13 18
81 38 125 255 255 226 9 94 121 96 255 255 73
166 164 205 204 81 59 79 19 81 126 255 255 22
38 36 75 201 168 23 27 23 10 64 255 233 4
137 118 115 121 124 40 12 6 4 124 255 201 0
141 30 110 187 137 22 12 7 6 197 255 138 0
142 48 149 136 62 18 9 6 7 227 255 66 0
143 48 126 64 15 17 12 9 2 234 255 36 0
147 51 124 61 18 18 14 7 5 244 255 25 0
147 53 123 58 17 16 13 4 6 255 255 14 0
147 55 123 55 15 14 9 2 2 255 255 7 0
145 56 120 49 10 14 12 5 15 255 255 3 0
143 57 117 43 7 13 12 5 52 255 246 2 0
147 57 112 37 4 12 8 6 110 255 212 1 0
150 53 106 33 3 10 5 7 174 255 153 0 0
153 51 105 31 2 8 6 10 225 255 92 0 0
150 46 98 24 5 10 7 11 255 255 43 0 0
151 43 91 21 2 6 3 4 255 255 10 0 0
155 44 89 21 2 4 1 13 255 255 1 0 0

4 3 7 7 0
11 5
169 176 163 127 86 68 75 84 92 94 94
86 87 113 127 139 187 181 144 100 94 93
123 118 111 103 94 87 91 117 147 147 149
130 127 127 125 121 119 114 107 97 88 83
132 131 129 129 128 129 129 126 123 116 104

8 21 7 6 1
15 17
5 9 8 10 22 20 7 8 13 8 13 13 17 84 255
5 4 6 14 21 18 6 10 13 6 7 14 18 125 255
1 5 10 9 23 24 5 6 13 9 7 12 21 157 255
3 7 7 5 17 26 10 6 10 12 10 6 14 180 255
4 7 7 7 17 19 10 9 9 9 11 7 12 214 255
3 9 9 10 17 16 8 11 10 6 10 9 12 232 255
6 10 10 12 15 14 6 11 10 4 10 9 13 250 255
2 7 9 11 16 15 10 9 11 8 12 15 18 255 255
6 8 6 6 15 17 11 9 9 9 11 13 18 255 255
8 6 8 13 20 15 7 10 5 8 12 8 7 255 253
5 2 7 11 11 10 4 10 5 5 14 10 42 255 240
5 8 11 9 8 10 5 6 4 5 20 15 144 255 211
7 11 13 13 15 10 4 14 14 5 46 153 255 255 103
7 8 12 14 14 15 9 54 164 246 255 255 255 158 17
27 45 36 15 75 172 232 255 255 255 243 181 86 20 6
255 231 218 245 255 255 255 240 173 69 8 2 1 2 3
250 255 255 255 232 154 52 8 6 2 3 4 2 2 2

17 30 7 5 1
9 9
24 20 20 22 32 255 255 4 0
22 18 19 21 104 255 255 4 0
19 15 17 21 207 255 226 3 0
18 14 16 23 255 255 127 2 0
19 15 16 25 255 255 45 1 0
19 15 15 156 255 255 3 1 0
15 95 255 255 255 197 2 1 0
255 255 255 255 209 33 1 0 0
255 255 255 93 3 1 0 0 0

19 23 7 7 1
5 11
19 18 18 255 255
21 21 22 255 255
19 20 23 255 255
16 16 20 255 255
16 16 20 255 255
18 18 24 255 255
20 21 32 255 255
20 22 32 255 255
19 21 104 255 255
17 21 207 255 226
16 23 255 255 127

12 2 6 7 0
15 9
197 200 203 204 206 207 210 213 216 219 224 232 188 254 254
199 201 204 202 203 205 206 207 210 212 215 222 238 233 255
199 200 199 201 200 201 201 203 203 205 208 211 250 240 79
199 199 199 198 198 198 199 199 198 195 246 245 240 225 90
202 201 198 199 201 198 198 223 247 247 237 224 211 177 254
240 240 239 240 244 244 244 239 229 216 205 198 141 249 254
224 223 223 222 220 214 207 200 197 194 207 209 116 254 254
184 178 177 176 178 181 183 197 204 207 211 206 119 252 254
196 191 183 185 187 190 194 199 204 208 209 204 242 253 254

0 19 7 7 1
5 14
41 129 92 6 3
16 115 104 9 4
5 105 110 11 4
5 108 109 7 2
5 107 107 9 3
5 109 109 10 8
4 113 111 9 8
4 114 111 7 8
3 112 126 21 9
2 95 143 54 6
2 66 142 85 7
1 40 134 104 11
2 18 128 116 14
5 7 113 141 27

12 6 7 7 0
7 5
21 21 59 146 90 69 69
124 166 76 101 74 75 74
87 76 75 75 77 78 77
76 76 77 79 81 80 81
78 80 81 83 84 86 86

0 28 7 7 1
4 4
75 14 15 19
75 12 13 20
81 16 12 21
81 23 13 20

16 25 5 6 1
12 13
4 5 13 31 41 30 28 29 61 222 184 19
0 2 12 32 42 30 28 21 62 235 200 21
4 5 14 32 39 29 30 19 51 255 255 255
6 7 16 33 38 32 34 26 99 244 255 255
4 6 15 33 39 34 34 29 125 221 86 20
4 7 17 34 36 31 36 39 117 230 95 7
6 9 19 33 32 34 46 41 170 245 58 14
6 10 17 28 36 56 61 82 255 226 32 17
5 10 16 27 37 65 18 255 255 119 30 19
23 19 21 30 42 55 196 255 149 0 0 0
27 19 33 46 15 142 255 204 45 0 0 0
173 167 156 158 176 255 192 56 8 0 0 0
127 154 171 180 167 134 51 13 9 0 0 0

12 30 7 7 1
11 7
2 6 11 4 4 9 8 13 14 6 12
3 4 9 4 8 12 11 17 12 1 15
5 5 9 4 4 8 10 13 8 4 13
3 7 9 2 4 11 13 10 5 1 13
2 7 7 4 4 11 11 9 9 6 17
4 11 8 4 4 9 12 10 8 6 28
5 9 5 2 8 15 20 11 7 77 107

11 0 7 7 0
13 8
254 255 253 254 251 249 245 246 244 250 252 252 254
171 170 166 159 160 163 159 164 174 171 163 173 171
165 162 161 155 155 153 158 157 176 214 238 237 224
245 234 211 186 175 169 171 171 185 189 178 162 164
171 159 161 167 171 170 171 169 170 171 171 172 173
171 171 171 174 174 176 175 174 175 176 175 175 178
175 177 176 178 178 174 178 179 176 178 178 178 180
178 176 177 178 178 177 179 178 178 179 178 179 179

3 19 7 6 1
6 19
8 6 8 32 53 64
8 6 8 31 52 64
8 7 7 29 44 57
7 6 7 28 44 52
10 5 6 27 46 53
7 5 7 26 41 55
8 9 11 28 40 52
9 8 10 28 39 47
9 8 9 27 39 46
7 9 10 27 37 47
10 10 8 24 37 46
7 10 8 26 39 45
9 8 6 25 37 43
6 7 11 26 36 43
5 3 7 21 33 42
1 3 8 22 32 42
9 3 6 20 30 42
34 22 7 18 32 47
91 35 50 29 38 48

1 32 7 5 1
13 7
237 52 76 45 53 39 21 6 1 1 5 3 2
233 40 72 46 49 37 21 7 2 2 1 2 2
255 151 76 52 50 36 22 8 1 4 3 5 3
255 248 68 64 47 34 22 9 0 0 4 6 6
255 255 187 90 50 36 24 10 4 4 7 13 23
145 255 255 219 58 22 35 23 37 45 34 147 222
8 133 255 255 255 255 255 255 255 255 255 255 255

18 33 7 7 0
5 4
124 124 124 124 124
124 124 124 124 124
124 124 124 124 125
125 125 123 121 128

