96 32
87

8 5 7 7 0
5 6
149 140 148 158 147
151 168 118 157 146
145 139 141 147 153
162 152 155 142 151
157 152 157 162 159
136 138 165 148 130

42 16 7 7 0
22 6
179 174 177 177 174 177 178 178 177 88 179 176 181 173 116 182 185 186 140 192 189 183
192 191 190 189 185 117 183 185 190 182 190 192 195 187 92 178 175 177 137 180 180 178
196 194 193 191 187 105 181 177 172 169 173 174 174 175 146 177 178 173 96 179 193 194
180 178 178 179 179 145 171 179 180 159 172 179 184 192 201 194 191 187 181 184 185 185
197 191 195 196 195 189 190 195 192 186 188 184 186 189 189 185 185 189 188 188 187 185
193 192 190 189 187 198 192 195 192 190 193 192 192 189 190 186 188 190 191 186 187 186

0 6 7 7 1
4 7
15 14 23 225
18 14 117 255
5 3 182 255
3 9 190 202
5 13 194 177
8 53 251 138
7 147 255 120

10 8 7 7 0
24 4
76 46 60 99 59 60 58 111 49 49 95 70 57 57 105 56 65 90 84 67 59 100 71 72
38 39 48 51 49 54 47 56 41 49 64 51 44 61 83 50 49 77 69 59 59 109 67 62
91 52 56 47 70 133 47 54 54 50 54 59 96 57 52 74 72 64 57 76 57 67 62 71
66 60 53 51 71 59 58 62 58 55 51 70 80 60 58 81 73 68 66 90 61 73 68 91

32 8 7 7 0
10 8
20 47 51 26 37 51 66 10 76 68
78 18 88 57 95 30 49 60 35 43
69 32 31 40 31 20 41 32 19 5
14 55 68 99 30 81 51 97 33 47
85 16 38 45 18 15 18 7 9 32
55 55 51 47 55 48 45 51 50 46
42 44 40 39 40 39 37 38 34 38
31 34 40 46 49 58 67 55 48 33

20 24 7 5 1
12 4
42 63 92 91 65 76 80 90 93 98 118 136
63 57 42 2 23 34 19 12 22 41 60 79
120 154 182 184 166 178 171 157 147 141 139 152
154 144 118 92 87 111 131 142 155 167 171 178

10 2 7 7 1
28 6
67 56 74 129 87 126 128 107 117 86 147 90 136 99 80 106 60 116 118 143 87 125 67 141 64 144 88 137
149 150 163 152 126 174 173 119 159 152 171 112 171 159 138 124 84 173 149 158 97 157 137 158 85 155 132 138
117 42 4 16 38 36 35 37 48 32 51 52 55 43 122 137 97 155 43 61 83 54 24 60 82 57 38 66
93 137 154 91 163 157 153 93 168 152 130 112 156 147 104 84 40 163 104 168 139 163 85 169 133 148 94 148
62 23 76 23 96 18 98 38 90 64 94 76 68 98 76 128 80 137 68 132 50 139 60 134 63 132 78 123
112 141 118 52 135 124 100 49 130 120 68 69 119 106 35 83 122 100 20 106 120 89 11 104 101 74 17 97

76 8 6 7 1
15 11
56 139 103 164 87 134 122 177 109 100 142 57 26 255 255
78 161 127 143 94 141 167 133 95 86 117 29 18 255 255
82 106 108 103 85 82 92 69 86 83 145 41 56 221 255
93 103 105 100 97 84 88 86 111 77 153 38 59 133 255
82 83 86 87 118 51 118 33 94 39 165 61 12 71 255
77 78 135 68 93 17 89 25 75 28 145 33 19 36 255
55 42 82 17 80 12 76 25 75 60 183 76 47 32 244
128 63 96 56 92 19 157 89 143 61 166 64 44 17 242
122 57 115 69 78 5 152 71 135 53 195 82 45 34 236
72 75 63 22 56 18 104 73 94 28 210 142 41 46 255
33 175 115 114 100 44 129 129 150 46 187 178 32 33 255

0 14 7 7 0
12 11
164 76 71 43 39 41 41 40 43 41 67 237
162 81 59 40 37 40 40 40 39 43 72 237
156 91 49 40 38 37 39 40 41 42 68 244
160 84 50 40 37 38 38 40 40 39 68 246
156 89 43 38 37 37 36 39 40 41 61 52
163 95 45 38 37 37 37 37 39 43 82 254
156 95 47 37 36 37 39 39 40 43 150 242
161 95 48 36 36 36 37 38 39 40 153 244
154 93 47 37 36 36 37 36 38 38 38 46
156 97 45 33 34 35 35 36 39 40 44 58
154 86 45 37 34 36 37 37 37 37 44 61

14 0 7 7 0
41 14
22 24 25 19 18 21 23 18 21 24 21 23 29 22 23 27 24 26 27 24 22 29 21 24 31 24 24 31 25 23 31 23 22 28 29 22 27 27 20 26 25
171 172 174 175 174 176 174 175 174 175 176 177 177 180 180 182 181 180 181 179 180 180 179 179 179 179 180 179 174 176 178 180 179 180 178 178 179 176 176 177 177
178 178 177 179 179 179 179 181 180 179 181 182 182 182 182 184 186 186 186 186 186 185 186 184 183 183 184 183 182 182 183 184 187 185 183 182 181 184 182 178 181
179 180 179 180 180 182 182 184 184 185 183 184 186 186 183 186 187 186 187 189 189 190 188 189 188 189 185 187 188 187 188 188 190 190 188 189 184 188 186 185 184
182 182 185 183 182 185 184 186 186 189 187 187 188 189 191 188 188 188 187 190 191 191 189 191 190 190 192 192 189 188 191 190 194 193 191 191 191 188 189 189 190
188 184 190 187 190 190 188 192 192 190 189 194 189 195 192 192 195 194 193 194 199 193 194 196 195 198 193 194 191 194 195 194 199 197 197 194 195 191 190 195 189
99 189 188 118 118 190 190 101 189 192 159 164 194 121 194 190 92 194 196 157 109 195 191 87 173 192 187 141 193 111 195 196 77 182 194 178 114 188 192 81 155
98 171 183 122 119 170 188 104 182 181 161 169 193 132 163 193 77 181 194 162 101 178 190 92 169 164 187 139 196 121 181 201 87 182 166 179 124 178 192 82 158
86 172 174 170 139 178 177 108 177 178 179 185 195 176 179 179 78 183 181 186 131 178 181 113 181 180 182 131 199 145 180 181 86 183 177 180 137 173 174 98 175
195 197 188 191 194 191 199 198 195 193 197 200 202 201 203 204 205 205 198 200 201 205 204 197 206 204 201 200 197 191 197 202 198 198 200 196 200 201 198 200 196
195 196 198 200 198 201 200 199 199 201 201 201 203 204 202 205 204 204 202 205 205 205 202 202 204 200 203 201 202 201 202 200 200 201 199 199 197 197 196 195 195
200 197 198 201 200 198 202 201 201 202 203 201 205 206 207 204 207 205 204 205 205 207 204 203 205 204 204 199 200 205 205 203 204 203 204 203 204 204 201 198 198
86 140 192 105 180 196 185 38 159 194 127 108 163 201 63 183 204 167 84 161 198 123 145 195 196 35 196 198 168 98 179 202 81 160 179 191 103 197 195 200 198
117 170 188 137 178 199 175 65 153 189 133 137 183 188 119 192 201 172 102 147 200 142 151 167 190 76 175 198 177 124 156 198 109 160 167 194 123 163 141 196 202

25 11 7 7 1
46 9
78 97 111 76 65 49 75 31 114 65 109 66 120 84 104 105 109 116 98 95 69 112 61 118 76 43 15 58 84 108 85 16 53 42 69 4 67 143 31 150 72 93 55 82 46 46
123 108 164 75 109 31 122 21 166 51 157 48 158 111 143 138 150 180 105 165 75 159 23 151 63 73 33 56 65 98 68 23 68 13 126 95 127 199 78 204 69 171 38 187 84 79
65 41 60 67 59 41 132 105 99 35 138 75 66 8 129 58 54 45 117 57 49 93 94 60 38 96 68 98 42 49 65 55 65 38 127 25 49 112 39 99 46 127 37 125 44 69
14 74 71 93 37 128 85 169 59 98 75 108 59 100 102 70 80 98 132 28 106 55 99 44 105 123 113 126 28 39 92 71 17 101 97 16 21 45 35 34 24 62 63 66 28 15
70 133 22 150 44 203 42 211 61 177 65 163 107 147 119 135 145 124 158 76 162 50 155 28 170 124 211 121 40 28 94 94 30 104 53 22 33 42 39 30 15 10 31 33 25 24
67 104 24 123 131 138 34 138 97 90 22 131 77 42 6 122 79 36 35 88 97 18 98 111 133 49 109 97 61 64 109 108 53 104 54 28 7 6 33 85 74 69 76 46 10 9
94 57 42 109 109 82 63 83 124 68 64 84 138 52 81 86 129 38 92 94 85 58 76 74 47 48 106 31 10 14 53 97 38 68 62 41 2 3 63 79 40 34 34 71 12 10
18 167 68 211 76 215 113 178 107 166 136 147 156 131 160 116 172 107 161 59 176 88 192 34 105 40 131 69 70 61 72 72 65 57 28 63 5 8 64 53 138 118 64 71 8 5
86 163 6 148 85 143 33 133 84 104 61 117 95 29 92 23 76 43 130 27 144 89 120 55 77 91 157 59 54 106 101 46 44 20 42 107 51 49 95 44 129 66 70 77 84 43

5 16 7 7 0
4 5
7 8 17 22
97 93 94 93
12 41 91 105
18 18 18 20
18 19 19 21

4 21 7 5 1
32 7
13 13 9 10 6 9 16 6 6 11 11 12 11 8 27 30 32 14 13 27 27 31 48 70 86 100 107 106 99 87 68 54
21 13 10 13 10 9 16 14 7 10 15 17 16 14 11 13 10 13 12 7 25 36 40 40 40 35 29 28 28 32 34 36
93 34 14 19 14 9 10 10 6 8 9 10 11 13 12 15 16 15 18 17 14 14 16 15 15 18 20 21 20 21 18 20
105 99 123 130 120 90 60 37 20 18 18 13 12 13 7 12 14 17 19 19 19 15 15 16 15 18 16 16 16 14 12 15
6 60 70 68 95 105 104 97 99 119 128 135 134 122 96 68 44 22 14 15 18 15 10 11 9 11 8 11 15 14 12 15
35 60 74 65 43 14 40 51 70 82 78 75 93 99 98 105 107 88 81 92 109 118 123 125 125 120 117 113 111 100 85 78
11 5 11 24 22 20 35 35 54 76 87 77 80 48 8 29 59 61 57 68 81 70 68 80 81 83 70 70 79 80 83 85

11 12 7 7 1
46 13
117 76 24 150 128 100 51 142 223 66 171 126 91 37 80 139 91 13 130 157 56 142 156 90 32 104 130 100 27 145 119 47 86 137 63 29 83 154 169 74 202 115 112 122 88 63
100 154 84 140 92 151 58 199 193 17 121 73 171 43 100 98 151 69 135 157 22 99 75 185 63 112 96 147 41 138 138 28 118 39 103 43 102 92 144 49 173 84 72 141 54 25
55 89 46 145 73 116 56 150 47 19 85 39 65 71 57 98 109 66 187 40 43 91 101 78 100 63 71 102 8 164 22 45 76 88 54 113 64 200 66 10 101 105 108 139 86 97
91 127 110 155 63 130 50 128 53 102 98 104 44 122 116 59 163 96 130 108 133 72 131 60 93 106 86 119 123 118 155 153 114 135 170 111 149 20 72 57 40 28 15 101 119 160
198 134 127 110 120 121 59 171 21 151 43 171 68 188 105 203 129 108 140 97 171 34 202 11 189 57 176 90 171 123 233 223 108 193 135 255 140 135 112 101 85 85 108 156 163 189
98 51 180 83 44 107 165 112 40 148 187 141 38 201 191 56 71 148 92 59 102 209 186 37 186 209 127 41 152 114 27 23 117 104 143 142 94 106 83 65 62 65 94 127 185 157
72 211 86 126 61 115 21 114 52 84 39 62 41 60 147 104 134 81 167 39 141 11 90 79 69 36 85 52 60 129 148 47 137 157 123 105 155 105 110 124 52 40 39 44 102 132
64 69 210 45 112 112 20 113 112 109 7 106 113 110 91 130 136 60 148 156 146 29 130 144 143 38 138 143 38 113 126 33 97 66 65 136 70 31 24 81 71 48 45 62 118 113
163 162 124 119 121 125 126 121 122 121 122 124 129 128 131 132 129 128 131 123 128 153 161 155 156 155 152 165 235 174 17 128 169 144 132 40 84 53 95 57 145 177 181 154 102 64
12 20 39 124 116 11 12 17 16 15 19 27 39 34 46 50 47 40 37 39 44 52 42 41 30 26 33 23 104 255 113 102 12 13 99 13 107 15 133 16 169 24 71 36 60 65
58 60 62 109 90 43 46 40 39 36 37 47 51 56 66 54 63 47 53 51 65 84 79 87 86 72 78 59 56 126 138 101 50 49 132 113 131 39 173 124 180 37 88 78 133 86
76 78 66 50 47 37 36 32 31 34 36 34 27 33 31 11 26 26 35 26 37 47 48 45 55 55 59 45 38 39 50 54 54 55 80 85 70 46 109 114 121 65 72 65 99 93
44 44 47 44 43 36 39 41 37 34 36 40 45 44 45 50 44 44 42 45 43 43 44 44 41 38 41 46 49 50 48 47 47 43 48 43 46 52 53 47 46 40 32 40 43 45

35 6 7 7 0
12 14
81 72 81 78 76 72 82 82 70 69 83 82
82 28 97 86 69 44 109 88 48 70 91 83
66 51 73 65 61 41 71 59 51 44 60 50
75 83 80 23 191 85 79 36 174 83 46 63
80 88 83 34 89 85 86 35 97 87 54 50
39 42 37 45 44 42 40 40 34 46 47 39
47 56 125 83 29 109 93 78 33 92 87 70
59 44 91 83 44 67 90 73 16 78 84 61
54 54 35 43 69 62 21 68 84 71 26 132
176 84 58 53 88 89 43 71 90 85 33 103
73 71 55 39 63 62 52 45 56 52 32 52
77 77 82 79 78 51 41 165 91 92 42 86
86 87 86 87 84 54 27 129 93 114 39 57
82 83 85 87 90 65 29 97 91 80 48 43

0 12 7 7 1
30 12
255 64 34 76 54 177 150 128 103 49 34 77 105 80 72 66 132 73 117 59 131 34 97 59 127 34 89 95 141 137
186 27 29 82 94 180 108 156 155 111 57 152 86 143 54 93 76 86 84 149 137 62 94 127 137 44 149 112 142 138
155 50 18 85 87 255 201 188 123 64 24 122 94 97 63 83 36 124 134 45 22 94 93 19 49 106 80 38 47 91
148 45 10 83 57 192 131 83 9 38 54 56 77 84 133 79 107 113 201 82 97 127 160 62 150 93 192 65 137 128
121 33 6 57 59 156 90 106 17 7 23 90 77 169 136 125 136 223 205 110 125 206 194 83 171 166 183 56 154 97
103 19 8 51 40 133 158 150 48 71 90 120 34 90 89 175 55 29 52 33 66 53 41 60 71 30 47 66 62 5
55 15 10 45 52 42 67 69 42 136 70 161 152 155 157 206 170 157 50 129 96 90 84 82 74 71 70 65 52 49
16 18 8 37 44 88 74 95 46 177 117 93 147 150 213 101 81 164 57 119 38 39 39 40 43 49 55 60 64 67
12 22 9 43 55 42 39 74 13 82 83 93 127 59 140 112 122 115 32 90 52 42 35 31 26 20 16 7 5 11
28 20 7 54 75 53 49 81 75 68 44 49 87 96 85 49 59 107 105 89 62 66 68 72 74 84 91 99 107 104
22 15 4 27 46 56 60 71 71 71 76 84 90 92 89 89 81 77 80 90 84 81 74 73 72 70 61 52 42 29
40 10 3 4 5 10 8 6 4 4 6 10 7 2 9 10 4 4 6 1 5 1 6 7 7 3 4 6 8 9

65 23 7 6 1
16 4
113 109 104 99 84 53 25 4 27 53 74 89 98 110 127 142
48 72 88 103 121 141 165 184 197 207 207 206 203 198 193 174
236 243 239 234 222 202 177 143 109 85 64 51 41 32 26 19
80 67 51 40 27 23 20 11 9 10 13 11 11 12 13 11

21 6 7 7 0
8 8
160 149 144 101 145 203 148 151
154 159 160 144 136 140 184 152
103 178 173 145 144 123 150 148
78 145 152 158 162 95 164 162
133 83 139 214 148 148 129 150
149 140 131 151 154 154 144 126
162 166 114 159 116 140 173 149
133 205 148 144 130 139 154 146

35 23 7 5 1
19 5
7 8 8 7 5 5 5 7 7 7 7 5 7 5 7 9 10 8 5
8 9 8 7 8 8 9 10 10 11 10 9 10 8 8 8 9 14 12
10 8 9 11 12 12 12 11 13 13 15 15 15 14 18 86 189 251 255
15 10 12 12 21 25 25 15 63 148 238 255 255 255 255 255 255 255 255
222 217 183 186 196 255 255 255 255 255 255 255 255 255 255 255 189 75 11

28 8 7 7 0
6 8
127 183 178 168 100 179
152 161 151 162 122 160
183 177 104 182 170 174
184 184 91 185 185 185
154 161 73 156 161 165
177 169 182 57 183 184
188 196 188 99 181 182
181 185 168 119 183 185

46 8 7 7 1
44 7
40 117 66 97 87 200 123 119 130 178 71 235 175 117 98 49 229 185 220 85 204 175 161 157 215 197 147 147 219 103 196 123 167 181 140 218 127 199 41 158 52 96 24 48
147 215 200 231 134 131 95 91 63 184 72 186 43 92 170 49 205 146 229 94 207 204 215 211 214 209 187 92 255 141 255 79 169 121 116 167 125 183 83 170 21 121 18 42
205 135 68 99 152 85 119 63 91 83 168 156 59 108 174 44 146 87 212 101 143 140 150 189 210 205 141 36 204 40 217 25 179 131 217 179 183 241 125 222 133 216 60 30
21 49 79 70 66 132 57 113 15 68 103 152 179 209 240 97 228 168 255 94 189 173 255 150 252 250 247 61 216 205 255 107 167 23 223 83 202 172 129 212 109 219 75 22
179 54 207 175 155 151 169 114 104 141 104 59 67 217 253 95 230 204 248 113 208 129 193 62 255 255 128 85 161 182 255 144 193 107 166 28 204 76 200 203 142 197 73 32
158 95 201 107 255 121 199 24 175 150 155 45 33 224 255 228 152 48 92 152 147 47 111 101 89 18 64 141 139 147 225 134 131 121 180 52 170 66 255 124 201 163 91 41
184 86 204 80 237 186 170 127 202 164 122 26 15 179 135 233 177 154 162 162 163 156 138 115 104 97 83 196 112 165 186 186 94 148 193 189 181 46 236 98 255 182 135 33

21 18 7 6 0
8 9
113 120 117 116 116 121 109 114
123 123 126 126 126 128 130 128
119 121 120 126 126 126 128 126
103 106 112 115 118 121 127 128
127 129 131 130 132 132 133 136
133 134 136 137 139 139 139 140
139 139 140 140 141 143 144 147
127 131 133 136 137 142 143 147
111 109 106 103 102 103 107 108

24 9 7 7 0
29 8
69 29 14 53 63 28 19 47 75 32 18 46 80 31 23 51 78 24 21 44 67 32 23 41 43 23 23 31 36
36 17 18 22 19 10 19 15 14 8 17 13 10 11 24 11 19 23 22 12 27 36 25 18 60 51 28 16 52
53 74 30 17 69 79 28 16 56 55 36 17 61 69 28 22 51 72 29 21 65 66 26 25 51 60 35 22 53
58 50 25 20 47 50 24 15 34 38 23 14 27 31 15 23 18 18 11 27 22 15 10 24 21 24 15 28 22
21 19 21 25 21 13 45 40 24 11 54 76 36 12 59 74 37 19 64 61 33 22 39 62 40 21 48 59 63
29 20 53 50 29 20 43 52 31 20 39 62 33 16 60 59 36 20 52 54 33 22 25 38 24 24 23 17 16
12 22 17 12 10 23 11 8 8 19 13 8 12 24 16 18 15 25 40 40 43 38 7 29 74 42 14 35 96
55 54 54 57 58 57 56 56 59 60 60 60 60 58 54 49 14 51 59 61 56 48 19 32 51 48 20 31 48

22 21 7 7 1
5 4
9 11 11 11 10
9 10 11 12 13
10 9 9 12 12
19 19 16 19 18

0 17 7 7 1
7 6
255 83 51 64 15 23 7
255 120 79 152 135 151 70
255 119 84 40 32 92 3
255 93 115 108 110 166 88
255 28 39 6 28 73 34
148 105 107 100 105 127 124

10 0 7 7 1
13 8
28 18 5 22 16 11 6 20 18 9 15 15 12
80 65 52 55 76 73 47 71 86 67 63 95 92
65 41 60 77 53 78 50 91 85 78 81 96 96
41 26 61 67 17 54 55 56 37 59 64 28 37
2 48 52 24 66 77 78 14 63 59 64 18 69
57 72 102 39 112 70 133 23 94 47 99 36 78
81 76 110 43 116 84 128 10 81 52 94 31 71
24 66 50 39 29 52 46 16 25 33 26 19 36

46 13 7 7 0
9 5
187 128 185 186 185 133 176 176 184
154 136 165 159 150 133 159 143 140
183 191 187 140 180 179 188 186 183
175 184 186 146 175 164 169 148 181
177 186 186 146 168 177 178 178 176

67 21 7 7 1
23 5
136 65 159 152 102 65 90 242 213 209 143 145 232 149 255 255 255 38 135 83 40 88 255
205 134 255 172 143 95 120 255 159 215 139 141 205 159 255 174 255 67 203 128 65 85 255
128 63 183 156 107 46 15 149 185 201 129 131 164 121 211 255 255 59 153 94 58 47 255
28 47 43 22 19 21 29 66 49 14 6 13 28 35 21 8 44 44 54 65 68 35 247
44 31 32 27 32 43 27 43 67 51 38 49 62 80 71 51 62 62 83 86 34 15 231

85 11 7 7 1
5 15
85 43 70 127 174
64 37 60 122 189
45 27 52 86 181
49 21 60 94 174
50 25 49 91 193
57 64 156 139 162
125 44 108 22 140
93 61 141 97 188
80 47 51 57 193
59 59 45 81 217
86 66 50 88 192
119 69 81 161 180
49 83 230 235 150
180 244 230 116 32
157 122 53 12 14

41 14 7 6 1
43 13
20 21 16 190 139 175 165 99 92 187 171 192 54 51 144 90 229 208 160 255 226 191 7 11 46 90 102 98 60 22 8 16 21 18 8 4 6 5 4 8 12 8 8
124 128 126 166 126 88 105 26 5 145 83 211 203 134 237 226 255 90 25 74 79 61 11 8 7 7 8 6 7 4 4 5 5 6 5 3 3 4 5 9 8 4 6
53 24 22 112 90 183 209 125 106 224 220 255 84 47 51 59 58 9 4 3 7 2 1 4 7 4 4 3 1 1 4 5 2 4 5 3 5 6 7 8 6 2 5
162 148 165 225 190 251 84 43 16 61 68 60 14 17 5 5 4 4 4 6 6 2 0 4 9 7 4 5 5 5 6 4 3 6 7 5 5 6 7 9 11 9 8
39 34 23 80 65 55 15 23 9 6 10 12 11 8 6 6 5 5 6 8 8 6 4 4 7 8 5 5 6 5 5 4 5 2 7 6 4 7 4 4 12 12 10
33 33 24 21 18 16 14 13 14 13 13 12 7 5 5 5 4 5 6 8 8 8 10 8 6 7 8 5 7 15 51 114 187 241 255 255 255 255 255 255 255 255 255
33 35 26 21 24 22 16 17 16 12 10 9 7 7 8 8 7 6 6 8 6 4 8 12 60 211 255 255 255 255 255 255 255 255 255 255 255 255 255 255 255 251 255
30 27 21 22 24 19 13 14 13 11 10 9 10 10 9 8 10 10 8 6 107 255 255 255 255 255 255 255 255 255 243 218 172 101 32 34 51 61 67 63 54 47 43
28 25 22 20 18 17 16 17 16 16 13 14 14 14 13 25 141 255 255 255 255 255 255 255 231 191 60 42 46 45 27 7 11 20 20 21 15 9 6 3 3 3 3
23 21 19 16 16 15 14 11 10 14 12 18 131 255 255 255 255 255 255 255 234 146 59 61 42 18 5 4 3 1 2 3 6 6 4 3 4 4 3 3 3 1 0
19 17 16 14 13 10 7 42 172 255 255 255 255 255 255 252 210 109 46 54 27 10 7 5 5 4 3 0 0 0 0 0 2 4 4 4 4 5 4 3 5 5 2
19 20 67 183 255 255 255 255 255 255 243 248 218 107 41 46 22 8 8 2 4 3 1 3 4 5 6 4 2 0 0 0 0 0 0 0 0 1 2 1 2 6 6
232 225 255 255 255 229 237 208 183 60 48 42 19 11 7 5 2 0 0 2 2 0 2 2 2 2 2 6 4 0 0 0 0 1 1 1 0 0 1 1 1 2 4

46 0 7 7 0
36 8
29 27 30 29 25 28 24 29 26 20 19 25 26 28 48 55 66 69 62 60 51 52 47 43 39 35 28 32 28 30 24 25 26 23 29 27
27 46 69 97 112 114 113 119 107 117 126 133 123 132 130 125 65 132 120 134 74 110 119 74 111 114 116 72 121 123 123 123 125 124 127 128
139 29 150 120 140 76 132 141 107 109 131 128 70 138 130 131 67 118 118 124 105 119 112 92 110 110 119 60 127 124 126 126 126 126 74 55
130 117 134 129 123 86 108 98 75 67 100 123 121 119 120 128 131 131 127 130 121 121 124 119 120 128 123 125 121 123 121 127 126 123 123 124
131 131 123 116 114 117 78 142 140 54 115 140 129 117 135 131 128 129 128 123 109 127 128 75 122 117 135 60 106 105 117 130 48 116 128 129
139 136 55 131 134 140 77 132 134 126 98 133 135 135 138 118 79 133 131 131 88 87 91 74 89 92 105 66 109 110 125 131 49 125 126 122
114 144 130 107 132 130 61 118 101 85 98 108 84 121 128 128 54 134 130 136 108 131 133 71 122 101 127 70 110 91 117 123 35 108 115 110
118 55 124 138 121 118 121 134 75 126 136 127 78 129 126 133 119 129 132 125 90 129 127 34 98 112 108 74 104 115 120 126 46 117 123 122

46 6 7 7 0
26 6
141 52 140 139 140 91 126 136 127 120 126 115 53 88 93 112 123 111 129 135 113 127 127 60 117 128
127 122 126 77 98 117 55 133 138 130 103 111 120 130 129 131 130 54 127 133 128 124 116 112 108 110
130 138 123 110 140 135 68 133 138 129 68 133 129 131 123 116 120 68 135 133 131 94 116 126 121 66
144 140 149 110 135 123 109 81 64 82 122 128 124 126 124 123 122 125 127 129 130 78 114 124 116 67
131 47 132 121 131 81 122 130 123 98 115 128 128 129 132 126 129 70 128 119 116 118 115 59 109 117
134 108 124 134 127 73 130 132 118 65 111 74 90 104 124 136 89 135 136 104 116 116 111 63 108 110

29 13 7 7 1
45 13
14 16 19 30 43 21 49 75 34 77 95 159 27 156 46 107 111 186 33 174 77 36 177 123 199 57 17 88 128 69 166 42 19 19 6 33 19 163 109 135 15 30 42 33 109
33 34 37 32 38 60 108 169 189 188 129 171 157 134 84 27 23 170 19 158 12 10 116 94 136 125 13 15 142 83 101 46 17 39 32 21 17 75 90 77 31 37 34 17 52
17 17 21 26 39 40 34 25 14 14 14 77 170 49 142 73 136 196 30 143 8 6 57 132 27 106 31 14 114 160 136 53 3 5 9 16 18 8 7 8 6 5 8 6 9
207 208 200 201 211 215 204 175 136 92 51 30 146 58 121 69 87 36 107 96 16 4 48 140 121 123 33 8 14 27 23 17 12 2 4 14 12 8 12 11 8 6 6 5 1
29 21 16 21 29 46 57 71 72 58 33 29 77 99 94 82 156 151 142 70 18 3 13 21 26 23 10 5 5 8 5 7 12 6 3 12 14 9 10 12 9 7 8 8 10
210 224 215 220 215 212 196 174 140 96 55 34 12 8 8 9 24 35 29 19 8 6 7 10 9 1 5 5 4 8 6 5 10 11 7 8 12 11 7 11 11 6 5 5 8
25 28 22 25 26 26 31 34 34 31 19 10 5 8 3 0 0 4 8 5 5 4 2 7 12 7 5 5 4 8 7 6 3 4 6 6 10 13 8 8 12 9 5 6 5
7 11 5 4 8 10 9 4 5 6 4 4 3 6 6 3 1 7 8 2 5 5 0 1 9 10 4 6 8 8 7 6 5 4 4 2 1 7 8 4 6 6 1 5 8
6 7 3 5 5 3 1 0 1 2 2 1 0 2 5 6 3 7 9 5 5 6 3 1 5 9 3 3 9 8 5 8 7 4 4 31 95 153 182 200 217 221 215 206 193
6 7 2 6 6 3 1 1 1 0 0 0 0 1 2 5 3 3 5 6 5 11 13 11 12 14 7 8 47 151 220 217 219 216 201 233 255 253 245 232 211 203 202 207 212
7 11 3 2 7 8 9 7 0 3 6 6 4 4 7 11 7 7 13 15 8 10 41 117 203 211 209 229 255 255 255 216 226 231 231 241 175 79 40 25 15 24 10 12 13
8 15 13 13 11 9 11 15 9 7 4 3 5 5 7 15 34 127 208 220 214 207 240 255 255 215 201 231 220 149 56 51 24 26 11 36 23 56 37 47 19 16 32 12 19
103 77 63 50 56 64 87 116 158 201 243 243 242 233 237 223 239 255 255 207 191 208 223 171 102 29 21 57 32 31 32 43 39 13 19 10 17 62 41 41 21 13 35 27 31

24 11 7 7 0
19 4
32 109 103 48 42 95 109 38 50 104 108 37 48 108 109 33 69 102 105
55 58 64 107 70 64 61 79 62 64 71 59 76 83 69 60 77 69 72
33 46 123 100 36 57 196 104 38 62 190 102 28 57 162 97 31 73 106
46 62 112 107 44 72 112 103 43 79 107 100 43 68 101 112 33 87 102

11 4 7 7 0
4 12
137 134 137 127
137 137 129 140
132 145 138 139
144 139 129 140
127 133 133 147
127 84 144 148
131 131 123 148
133 137 94 122
145 151 110 140
133 136 148 141
136 142 148 111
144 150 150 95

72 9 7 7 1
18 6
84 129 36 140 87 131 26 109 69 123 42 76 68 91 44 51 12 17
47 163 81 153 62 161 74 139 75 146 109 115 104 127 118 69 35 24
16 83 10 96 25 96 35 72 39 62 43 27 58 32 45 11 27 24
19 129 69 137 75 100 69 106 94 95 134 91 130 66 127 72 37 15
23 114 42 114 72 97 65 57 79 80 108 67 134 70 107 24 13 1
13 109 64 108 73 84 88 59 78 59 102 61 102 72 105 17 8 4

26 23 7 6 0
24 4
207 208 208 209 209 213 211 212 211 213 214 214 218 218 209 201 187 162 161 151 144 135 108 144
209 210 210 211 212 213 214 213 213 214 217 218 224 226 227 228 228 226 226 228 228 228 228 227
213 214 215 216 217 219 219 219 220 221 223 225 230 235 235 234 234 232 232 232 232 232 232 231
217 218 220 221 223 224 225 227 231 236 238 242 245 250 252 250 250 247 247 249 246 246 245 244

74 17 7 7 1
4 7
30 96 44 97
171 193 119 169
49 16 52 71
173 189 150 137
91 107 103 111
65 33 54 66
64 61 62 71

16 0 7 7 1
23 4
19 21 21 18 14 18 16 16 60 111 170 203 209 212 216 222 218 218 205 205 204 206 208
181 208 223 230 227 234 237 229 255 255 255 255 238 255 252 181 228 244 247 250 249 246 250
255 251 230 223 227 220 189 181 147 51 103 149 184 202 238 193 240 170 172 155 158 161 183
23 105 153 96 20 81 118 110 113 255 217 218 245 248 190 148 192 214 226 253 252 247 221

83 0 5 7 0
9 12
115 119 133 84 138 121 183 113 96
106 136 142 98 138 109 148 75 126
105 151 110 118 69 105 163 113 97
19 60 132 97 144 107 121 113 124
25 24 25 95 114 139 98 115 104
24 20 19 22 138 110 99 124 111
99 81 43 22 38 141 72 107 112
114 99 90 77 33 76 105 147 138
109 110 99 91 79 20 105 106 148
4 26 83 35 89 37 49 116 142
2 26 32 36 105 70 24 113 101
15 21 37 47 129 90 24 111 123

35 4 7 7 0
8 9
80 76 39 85 84 86 100 153
162 148 161 123 144 143 154 126
172 130 28 101 159 145 19 94
168 119 73 133 163 135 51 121
51 94 71 68 53 86 54 61
32 143 179 103 25 151 158 140
85 118 183 104 63 103 173 135
62 98 87 90 58 92 85 93
52 63 190 147 92 34 134 148

1 8 7 7 1
33 14
49 255 254 218 169 110 190 193 255 207 207 207 245 139 225 169 255 139 221 157 248 140 232 136 209 158 243 75 223 103 190 115 193
215 186 155 144 73 176 132 255 152 255 145 255 172 255 174 255 179 255 158 255 185 252 157 255 151 255 130 255 199 255 168 255 215
225 255 255 229 146 226 182 255 224 255 183 255 255 255 189 255 255 255 204 255 255 252 157 255 255 234 136 255 255 229 136 255 234
144 105 99 80 122 69 149 151 57 244 79 224 101 237 77 231 104 214 131 241 76 164 120 221 88 212 61 214 39 190 55 233 23
239 134 152 147 237 130 255 206 112 255 104 255 155 255 60 255 148 255 59 255 132 255 22 255 162 255 50 203 144 255 78 197 143
185 249 249 202 164 76 161 113 132 255 72 255 171 255 53 255 132 255 16 255 91 255 24 255 125 255 45 201 130 255 76 186 144
30 94 44 14 25 66 63 213 194 124 116 190 170 165 152 155 168 90 130 115 149 74 104 115 160 65 121 54 124 24 154 71 114
126 208 139 80 70 33 104 133 211 144 248 107 233 147 244 140 197 186 200 160 162 180 162 133 108 164 123 136 86 199 117 200 107
231 239 141 81 62 58 160 77 210 182 255 106 228 221 255 163 190 208 255 216 150 232 151 231 97 227 60 224 23 255 71 255 45
87 95 68 62 57 191 255 255 103 98 115 255 255 88 93 219 255 225 255 255 255 255 204 255 255 255 149 255 229 255 60 251 142
85 141 104 171 109 255 188 218 228 87 255 236 192 255 65 255 255 248 255 255 255 255 255 255 255 255 227 255 255 255 216 255 255
117 95 180 255 198 255 169 255 255 207 255 111 179 255 164 255 157 156 150 147 138 125 115 104 101 96 84 71 53 40 34 20 15
56 63 134 137 148 169 21 157 218 179 232 50 170 255 188 255 159 155 161 175 179 183 184 181 184 187 194 197 198 202 208 209 207
37 24 93 155 91 173 98 134 219 201 166 42 129 233 114 199 22 14 17 25 23 24 34 33 24 21 23 15 10 10 17 19 33

27 10 7 7 0
14 7
239 242 142 178 247 189 178 234 244 165 235 246 238 155
241 228 150 207 242 193 194 232 244 193 232 247 239 167
209 213 147 202 214 212 210 203 208 183 222 214 208 168
169 208 251 216 203 204 239 189 236 239 246 161 201 244
152 240 249 204 227 238 250 181 245 240 241 161 242 245
176 214 214 220 227 215 219 176 220 212 214 175 213 206
215 212 211 239 206 241 247 247 176 211 247 237 197 216

13 14 7 5 0
34 14
143 96 129 142 129 117 131 139 111 132 127 112 126 120 126 118 127 122 111 124 129 128 116 127 124 101 124 131 124 126 141 136 117 144
132 117 148 143 119 133 153 148 125 160 161 126 119 139 155 128 141 165 141 124 122 157 111 136 156 132 85 152 162 99 148 164 152 89
121 121 117 119 127 122 125 132 118 125 137 121 116 155 150 121 158 160 122 129 161 164 122 157 159 129 122 160 162 123 154 164 156 121
107 145 118 120 137 143 93 128 144 125 121 144 142 113 140 135 130 130 140 131 130 135 111 126 131 132 120 129 131 117 127 133 120 116
153 146 117 148 149 127 117 155 146 116 146 157 139 111 165 158 117 112 160 157 120 162 158 125 103 141 160 117 150 163 161 97 155 163
111 108 119 112 112 127 97 130 127 126 124 130 133 97 139 138 123 122 150 143 105 153 157 122 115 165 157 114 149 165 153 115 153 164
102 109 113 114 89 140 160 154 157 154 155 156 156 156 159 156 153 154 153 151 143 152 148 150 145 150 145 133 143 144 126 122 128 127
101 100 105 107 82 159 162 162 165 165 165 164 167 166 167 168 165 166 165 167 169 169 167 166 164 167 164 164 164 153 80 112 124 126
92 93 90 92 93 133 133 132 130 129 134 138 138 138 135 136 136 134 135 140 141 143 141 139 146 151 155 157 160 142 90 109 116 119
151 159 159 156 153 150 144 145 151 156 161 160 174 175 174 172 178 175 159 138 141 134 130 131 128 134 128 128 141 133 90 95 97 99
152 154 155 155 156 159 161 163 165 167 167 168 172 174 175 176 179 177 178 177 175 180 178 175 187 180 180 177 176 174 172 177 173 166
137 140 146 143 148 149 151 156 157 159 163 165 168 170 171 174 175 179 180 180 184 183 188 185 189 187 189 187 189 191 195 193 190 192
61 54 47 42 36 39 46 50 51 66 75 84 91 95 103 111 117 125 125 132 138 144 142 150 148 148 152 155 155 155 156 156 157 161
49 57 63 64 63 62 62 67 66 70 65 63 66 67 73 80 81 76 79 80 84 85 85 86 86 84 92 93 89 88 83 83 85 77

63 5 7 7 0
19 8
100 73 26 23 226 95 18 116 116 87 80 41 34 102 120 34 217 122 19
35 72 25 9 16 15 86 21 120 222 107 105 31 51 131 76 37 25 23
31 26 170 231 79 30 100 100 13 33 33 88 104 53 47 185 129 29 135
104 12 28 18 32 27 30 109 90 76 104 124 115 109 35 36 36 25 53
106 108 88 104 116 115 34 40 109 39 121 125 119 116 105 31 47 134 123
109 89 114 126 122 115 101 53 51 112 118 36 72 131 115 107 23 54 41
112 117 124 121 32 29 120 112 65 28 69 38 26 37 33 14 106 78 104
113 110 109 94 114 34 38 29 32 41 35 85 113 114 116 114 109 107 106

45 16 6 7 1
46 6
148 189 241 251 217 223 255 255 255 125 51 27 17 31 112 211 223 255 255 255 210 222 222 217 222 221 234 245 242 242 231 202 149 108 79 51 33 30 26 16 3 5 6 6 9 10
208 57 11 21 18 39 45 52 103 248 255 235 222 224 219 223 222 200 128 34 14 9 1 5 4 12 24 36 35 27 17 19 19 15 13 10 5 4 6 6 4 3 5 5 3 4
159 255 246 233 219 249 240 244 214 153 60 5 7 10 14 14 13 11 6 4 0 3 4 4 4 3 3 4 4 5 5 4 3 4 3 3 5 5 3 4 4 6 9 9 6 8
220 132 21 8 9 21 36 41 27 10 4 5 9 11 7 1 2 2 3 3 3 4 4 4 4 4 4 4 2 2 2 2 2 2 3 3 3 5 4 4 4 4 5 5 9 11
19 9 3 3 4 4 7 3 1 3 9 10 8 8 7 2 0 0 1 2 2 2 2 2 2 2 2 4 2 2 2 4 4 4 6 6 4 6 6 6 4 3 5 3 52 154
0 2 2 2 2 1 6 6 2 4 8 5 2 5 7 3 0 0 0 2 4 4 4 2 0 0 0 4 4 8 11 12 10 9 9 15 17 12 6 74 119 125 118 110 206 255

15 20 7 7 1
39 4
11 43 125 159 161 167 164 155 152 160 172 172 177 178 172 170 173 175 175 179 181 189 205 207 107 212 212 249 207 134 200 129 151 124 68 71 44 63 16
73 78 89 53 39 49 63 67 77 85 87 79 101 100 88 94 89 86 93 95 96 96 90 139 29 134 80 144 131 111 83 84 90 155 142 104 77 116 137
129 103 68 8 35 42 35 40 38 44 56 50 55 71 65 64 63 62 64 68 76 85 71 44 37 47 86 74 82 142 53 54 104 166 212 202 197 200 183
79 83 100 131 142 140 136 141 144 152 144 140 144 148 147 141 133 130 134 138 142 144 146 137 145 172 179 181 185 167 154 162 170 168 165 151 138 125 120

48 0 7 7 0
33 5
196 244 243 245 219 240 243 246 245 246 244 226 246 221 241 244 246 223 241 241 243 220 241 242 242 220 240 225 238 238 240 208 237
200 245 248 246 219 244 244 244 246 246 244 226 244 222 243 247 246 227 244 244 245 222 241 243 244 215 238 225 238 241 243 205 238
205 246 221 248 213 244 188 247 246 246 244 227 242 221 251 244 246 231 242 247 246 228 242 245 246 214 237 225 239 242 243 214 237
222 228 221 221 224 229 224 225 224 224 220 228 241 221 222 224 223 222 223 224 225 221 222 222 218 213 237 218 219 219 219 216 218
251 250 231 253 251 250 248 248 248 246 238 232 245 248 246 246 247 253 244 244 243 252 244 243 242 219 242 245 241 242 242 249 242

3 22 7 7 0
43 4
98 102 105 107 108 111 110 113 115 117 117 118 120 119 120 120 122 124 125 124 124 126 126 127 125 126 125 124 122 122 121 120 120 121 121 121 121 120 122 119 119 118 117
76 85 89 94 99 102 105 107 109 109 112 114 114 116 118 118 120 120 121 121 123 122 124 124 124 124 123 122 121 120 120 119 118 119 118 120 119 119 120 119 119 118 115
60 61 69 78 81 87 91 95 98 103 106 107 108 110 112 112 115 116 116 118 119 119 117 120 119 120 120 119 119 118 117 114 116 114 118 117 118 116 115 116 116 116 116
178 183 205 60 67 69 74 77 82 89 94 97 99 101 104 104 107 108 110 110 111 112 113 113 113 113 114 113 112 110 112 111 111 113 112 112 113 112 112 112 110 111 109

58 14 7 7 1
32 12
191 43 6 94 255 255 236 146 238 223 53 6 52 255 255 255 191 211 209 107 230 223 236 49 255 172 255 16 21 43 14 13
137 62 8 102 227 192 241 142 188 148 67 8 59 255 158 255 172 128 218 115 255 212 255 71 242 185 160 10 23 42 12 14
196 37 32 78 255 255 140 165 144 194 45 54 37 255 187 207 84 196 169 148 223 212 255 123 138 82 57 9 18 37 7 13
46 43 27 35 69 35 46 127 73 123 82 44 22 79 6 104 112 255 255 154 129 75 163 57 205 178 170 16 15 35 5 10
107 25 44 26 87 53 58 92 35 30 50 65 63 109 107 203 255 255 255 255 240 157 238 82 255 175 255 19 16 34 6 11
141 55 21 28 185 181 42 97 26 13 7 120 89 197 176 132 255 255 255 183 175 255 255 99 255 48 255 8 16 37 7 10
46 104 55 51 245 190 79 103 20 9 11 124 71 203 196 255 174 63 150 63 38 100 142 41 255 108 255 6 17 38 8 7
122 107 108 62 137 87 39 125 60 48 54 111 100 255 255 255 255 255 255 188 241 255 255 53 255 61 214 6 16 39 11 8
255 245 255 52 255 255 225 179 255 255 99 58 99 255 180 157 141 114 255 201 255 118 255 59 246 105 187 9 15 42 14 11
255 112 255 22 253 77 255 212 250 247 152 52 53 187 139 198 255 255 255 133 163 176 207 105 126 59 119 23 8 39 14 15
255 255 220 41 230 214 195 169 255 255 124 78 37 40 28 45 47 36 46 61 59 14 45 62 37 36 50 34 29 38 12 13
22 31 31 30 31 32 57 52 37 39 17 43 55 58 55 54 57 53 55 55 56 56 59 62 64 59 35 13 25 16 12 13

74 1 5 7 1
18 10
17 7 5 2 2 13 9 15 10 13 10 7 157 255 246 11 19 15
126 116 114 115 143 138 98 66 80 72 8 5 25 255 255 35 25 19
54 49 54 48 93 100 164 102 80 113 47 42 52 242 255 49 43 11
81 71 69 67 127 100 35 30 67 46 49 48 71 200 255 84 74 44
8 4 3 10 19 84 57 94 32 4 3 6 31 149 255 151 94 72
5 3 6 3 7 25 38 36 4 5 1 6 21 57 238 201 96 94
10 77 86 83 5 9 6 1 73 78 74 14 6 25 144 166 50 59
164 217 134 215 47 40 32 6 187 118 197 45 40 27 128 167 49 59
74 127 25 255 89 52 76 38 219 16 215 67 31 25 118 170 68 82
154 232 38 255 126 74 87 49 240 157 231 51 28 36 107 171 61 51

0 7 7 7 0
7 12
242 110 59 43 49 50 39
246 103 58 42 28 33 30
245 92 58 38 46 73 73
246 82 55 33 49 58 79
238 77 60 33 25 38 39
239 72 58 28 47 52 43
238 68 57 21 47 114 92
232 62 57 20 29 30 35
234 64 56 21 51 56 50
234 62 56 17 51 104 75
228 61 51 18 27 30 33
230 58 53 18 58 46 55

1 9 7 7 1
6 9
255 127 30 72 103 121
255 106 44 86 113 156
255 95 48 37 52 76
255 103 36 127 139 172
255 100 47 143 81 73
255 90 37 99 105 144
255 89 29 141 119 113
255 96 37 149 73 53
255 90 27 91 81 68

78 3 7 7 0
5 12
170 214 46 65 227
118 195 53 105 186
21 20 23 105 98
129 136 144 70 106
97 111 141 54 78
96 142 142 70 61
33 78 76 50 67
111 115 119 61 117
139 122 113 84 122
115 126 120 114 85
116 111 161 122 63
18 26 16 31 63

75 22 7 6 0
13 5
47 28 27 27 29 28 32 34 36 30 34 34 31
47 43 46 46 43 46 46 47 43 41 43 43 44
38 34 36 36 34 31 31 33 29 28 29 29 29
28 21 29 28 21 12 14 12 24 28 18 17 21
254 252 254 254 254 252 252 253 253 255 255 255 252

0 18 7 5 0
14 10
147 154 46 159 186 148 151 158 156 158 75 76 135 181
154 154 88 150 145 153 164 159 156 164 64 68 139 153
152 150 90 54 57 58 56 57 59 54 58 72 55 55
149 163 85 135 140 141 140 74 81 139 149 150 129 60
152 160 89 166 160 145 104 55 100 173 186 155 98 46
155 92 119 142 143 141 50 33 135 147 152 151 50 25
153 58 62 57 59 58 56 27 60 59 57 60 63 18
154 151 149 148 157 161 160 162 163 164 154 154 156 159
105 88 82 79 73 74 69 68 69 67 66 74 72 75
205 205 197 202 198 191 187 182 180 176 176 170 172 168

23 4 7 7 0
13 15
42 95 62 58 60 59 56 56 56 54 58 56 57
10 51 102 10 67 51 46 89 25 38 52 113 21
10 59 112 5 63 22 49 95 11 28 56 112 4
6 5 5 5 62 14 5 5 4 5 6 7 3
48 86 97 37 55 78 31 52 75 105 41 40 68
40 71 79 2 143 88 8 40 74 109 1 48 74
18 2 6 7 2 4 2 3 4 5 0 0 4
102 2 88 114 11 43 117 123 1 82 101 69 2
11 5 28 41 3 21 45 47 1 31 64 18 7
120 12 31 109 131 2 71 108 88 1 56 105 12
118 2 47 83 125 1 54 95 37 7 63 120 7
6 4 7 2 2 3 3 1 5 6 3 2 2
52 131 123 1 137 121 47 4 137 110 10 37 147
22 57 20 1 27 55 3 5 49 95 2 28 65
98 92 89 91 85 84 80 78 70 68 67 64 58

29 0 7 7 0
43 13
223 226 224 227 230 231 233 234 233 235 236 237 238 240 240 240 241 241 242 241 244 245 245 243 247 246 247 246 246 247 248 245 247 248 247 247 244 247 247 247 249 219 121
21 23 24 24 30 26 25 26 22 24 31 30 31 24 26 30 29 27 27 27 31 30 31 34 32 29 33 32 32 27 34 34 34 31 31 36 37 35 44 33 35 38 37
132 149 145 85 152 119 154 146 106 164 141 159 153 130 138 130 151 154 150 104 144 136 162 158 83 157 135 150 161 97 159 145 154 163 127 141 137 130 164 144 120 160 162
140 147 147 79 155 155 151 150 101 161 161 147 157 129 138 152 153 153 152 97 167 163 164 159 71 162 146 136 160 85 153 143 148 145 131 138 153 147 144 144 109 135 131
141 139 133 83 134 142 141 133 101 125 136 137 135 122 114 147 142 138 122 94 141 149 143 133 74 137 150 153 150 90 129 153 157 147 123 119 150 159 157 140 101 160 155
147 94 148 157 150 151 150 83 156 154 152 154 152 84 148 160 162 158 155 70 132 157 157 158 156 103 133 156 153 156 155 111 125 154 156 153 157 127 107 156 165 154 156
145 112 149 117 149 148 143 104 156 152 151 152 152 85 149 128 156 158 158 102 136 153 155 154 153 130 124 143 158 154 154 137 119 154 154 152 153 140 122 153 144 153 153
145 114 150 138 147 150 145 106 154 135 148 152 152 81 147 131 154 157 155 104 134 139 148 153 152 133 125 147 148 151 152 133 121 150 147 151 153 141 120 153 154 154 152
144 114 152 150 145 148 146 106 152 149 151 151 146 81 142 156 155 153 151 111 129 141 149 152 151 133 123 150 157 153 152 139 119 152 160 155 154 139 116 153 151 149 153
106 94 102 102 98 101 100 74 103 93 96 100 96 53 97 95 92 95 96 75 101 101 98 102 102 99 96 103 98 103 108 113 99 106 99 105 108 115 89 110 105 110 110
101 144 142 147 126 133 107 145 145 141 110 152 125 152 150 145 96 146 131 139 152 150 93 129 146 150 149 148 127 124 145 118 154 150 145 121 149 105 154 147 133 123 150
124 146 146 141 118 138 147 144 143 141 111 150 144 150 149 145 85 145 121 136 150 147 86 131 132 141 148 150 128 122 116 135 144 149 137 121 142 149 139 150 140 117 146
144 145 146 141 119 143 144 144 143 139 110 149 156 149 149 145 85 145 148 150 150 148 93 132 153 152 150 150 132 123 148 150 148 149 141 115 150 148 155 149 137 115 150

53 3 5 7 0
39 13
173 89 170 170 168 170 171 168 168 170 145 155 146 142 148 143 138 123 128 174 183 181 182 182 183 183 179 161 134 96 95 95 92 94 93 96 181 67 80
113 181 177 182 181 182 182 181 181 162 181 182 183 105 95 94 94 162 149 87 146 164 165 71 106 28 9 128 168 166 167 167 163 115 69 169 182 40 79
65 64 94 164 168 166 165 167 166 168 68 151 119 167 161 167 167 150 151 123 79 151 171 90 171 159 165 173 173 90 161 174 126 170 171 169 165 52 80
168 61 166 67 170 169 171 172 170 173 64 151 103 171 170 171 173 150 151 125 169 169 168 169 172 168 167 167 143 168 165 151 151 138 119 89 94 173 83
169 116 169 172 169 169 168 168 166 169 175 150 76 157 153 146 119 122 181 146 62 59 84 122 75 162 164 165 109 166 165 166 85 166 134 167 167 182 81
138 73 57 56 57 105 143 162 165 166 65 151 150 154 167 166 167 63 151 108 170 137 151 169 124 169 169 171 79 168 68 68 171 168 126 164 166 181 46
171 165 167 168 152 50 168 167 172 169 144 151 150 126 168 81 172 63 151 87 145 120 170 170 118 169 169 167 147 171 168 166 167 156 166 168 169 160 45
160 110 135 172 119 121 60 170 168 168 169 150 151 128 169 170 165 84 182 173 148 85 71 66 57 59 63 91 105 104 163 164 166 123 168 170 169 104 113
156 149 145 106 56 65 61 68 67 63 66 73 150 76 167 165 166 166 150 151 120 168 165 167 164 170 29 59 170 128 167 167 171 102 170 171 165 164 182
166 144 156 168 168 167 166 168 167 170 170 64 151 95 172 168 172 172 108 150 123 170 170 172 173 162 169 169 170 125 168 168 167 150 171 171 168 166 183
173 123 168 170 170 170 171 172 170 171 169 68 151 95 171 165 168 169 166 151 121 171 167 159 116 146 89 73 65 62 62 64 63 61 60 93 147 166 182
169 129 170 170 170 171 158 145 125 84 64 96 165 152 62 62 62 101 63 151 72 147 164 164 166 111 167 166 167 137 169 164 167 168 133 74 167 168 122
71 149 165 164 168 165 165 167 167 167 170 136 151 151 123 166 86 168 84 151 137 126 32 93 172 67 170 170 172 174 172 170 171 171 120 166 164 165 129

43 0 7 7 0
45 14
61 61 64 53 104 106 148 129 137 134 133 123 110 113 117 130 143 150 157 172 165 170 175 174 172 170 161 155 142 138 131 129 131 130 130 129 131 126 134 133 129 61 47 131 180
128 131 135 147 163 172 181 185 188 194 192 197 199 197 194 188 191 187 186 182 192 186 201 184 185 180 239 178 172 152 142 145 157 118 133 129 138 128 133 138 138 131 44 51 44
135 135 139 139 148 160 172 180 190 194 76 200 216 201 170 188 47 185 195 186 141 192 49 183 240 186 152 185 149 168 190 157 133 148 145 139 138 136 119 136 141 144 43 40 43
137 139 141 143 146 146 163 173 185 194 108 181 177 163 110 193 141 112 105 105 100 192 187 133 151 157 181 184 183 181 181 172 166 161 152 144 139 134 134 139 143 143 43 44 46
141 143 143 145 144 153 160 169 188 191 195 191 196 195 193 193 185 187 187 175 160 145 146 147 137 147 150 166 179 183 184 174 164 155 110 128 104 93 168 144 147 148 104 31 46
174 172 159 141 131 122 99 56 90 110 134 48 174 180 188 200 178 198 197 204 159 212 205 200 202 147 193 192 198 191 208 197 198 193 142 178 175 148 89 141 152 147 148 43 52
96 96 25 90 99 91 91 35 139 104 96 81 142 200 179 184 86 208 220 203 200 234 209 201 202 81 206 201 197 192 252 201 194 193 60 188 170 154 123 137 160 157 151 54 47
84 79 39 87 64 59 48 36 39 38 21 21 78 115 153 108 182 189 198 208 165 231 208 211 215 173 246 203 208 207 207 205 206 204 192 235 204 207 203 179 175 170 163 54 50
65 79 86 95 98 74 80 86 90 88 67 63 90 91 118 116 182 173 185 194 178 222 198 211 218 192 224 205 207 207 206 206 205 206 209 106 204 223 229 107 181 182 177 142 55
73 71 89 94 98 80 59 91 89 93 81 48 85 102 94 95 71 140 163 182 192 80 208 208 216 214 148 231 211 208 213 213 210 212 214 165 233 219 220 156 192 191 185 184 62
83 56 109 101 101 89 41 113 96 89 88 33 93 81 82 73 21 69 86 94 133 104 175 140 159 193 216 217 172 232 214 214 216 215 212 173 244 208 211 198 182 194 193 190 65
95 104 108 64 89 94 98 99 66 93 92 99 98 66 86 87 90 90 70 103 120 165 189 174 202 202 213 223 212 193 215 214 217 217 215 194 250 204 207 213 192 195 195 194 86
97 98 102 68 98 98 99 95 62 98 98 101 101 80 71 84 91 92 79 46 86 121 160 186 102 206 201 215 222 70 237 219 217 217 216 216 178 213 208 208 123 197 194 192 166
158 104 94 67 101 117 95 95 66 79 101 98 101 93 46 108 97 91 86 31 103 80 84 118 60 202 200 204 207 105 204 188 184 183 185 181 132 193 202 215 117 198 196 195 194

44 4 7 7 0
34 7
234 177 239 240 239 240 242 206 242 241 239 237 241 144 187 241 241 238 239 225 204 232 240 240 242 241 214 244 239 239 241 244 144 140
161 193 191 191 193 200 132 191 192 192 193 157 145 191 191 191 195 145 169 189 189 191 190 140 211 192 191 191 189 165 215 190 192 191
239 242 195 242 243 144 244 242 241 243 242 147 176 241 244 240 243 198 144 241 243 242 240 243 160 240 243 203 242 242 214 240 243 178
241 243 214 243 241 144 244 242 241 242 242 147 176 242 244 248 242 198 144 241 243 225 242 244 159 240 243 242 243 240 214 240 243 246
241 240 239 242 242 142 250 240 243 239 238 153 177 240 245 243 236 202 142 241 242 247 242 242 156 239 240 241 242 238 218 239 240 241
202 209 206 202 202 205 206 203 201 200 208 209 209 205 203 205 210 211 212 216 207 208 216 216 215 212 215 214 219 218 217 217 215 213
239 241 178 244 241 240 238 240 150 224 241 239 240 241 147 143 241 241 234 241 238 146 240 242 244 242 242 167 241 242 180 243 241 224

66 1 7 7 0
10 6
209 209 209 211 209 211 210 210 212 213
227 227 227 219 218 208 227 227 227 231
244 139 244 240 219 241 247 186 244 240
240 240 242 241 214 244 239 239 241 244
190 140 211 192 191 191 189 165 215 190
240 243 160 240 243 203 242 242 214 240

69 11 7 7 0
17 5
25 24 22 28 10 22 21 5 18 20 25 1 18 22 21 6 17
29 29 28 29 8 8 25 3 53 21 24 4 116 21 24 7 15
29 29 28 31 2 49 21 5 21 22 24 8 26 21 24 7 15
29 29 29 33 22 16 15 10 13 13 15 9 20 11 18 14 17
29 29 30 28 13 20 25 4 15 17 26 9 27 27 24 2 54

14 9 7 7 0
45 8
45 16 3 32 19 17 3 15 22 10 8 44 20 8 8 28 20 7 8 15 21 6 57 25 19 8 134 19 12 2 32 22 8 11 18 19 8 15 14 4 3 5 8 12 24
5 10 4 9 11 12 3 18 21 8 8 24 23 7 5 21 22 7 12 27 19 1 16 15 14 6 6 5 1 12 11 7 32 27 12 10 18 23 5 34 23 23 22 24 24
5 110 16 12 3 95 20 9 17 23 12 11 6 16 20 10 10 32 29 12 6 25 22 6 26 28 20 6 30 24 21 4 58 27 12 4 25 26 8 6 22 21 25 19 19
9 25 18 5 12 24 20 8 18 22 20 4 6 24 24 21 6 22 20 13 11 15 16 6 14 26 23 8 18 30 27 4 27 28 20 10 11 14 7 14 23 24 24 25 24
15 6 3 7 14 16 16 10 18 22 20 4 6 24 28 24 9 40 68 25 9 108 23 15 3 8 18 26 14 9 25 22 14 20 27 26 5 103 32 19 25 26 24 25 24
7 35 20 17 7 33 21 16 4 88 22 22 15 3 43 20 19 10 86 24 23 11 24 18 17 10 28 22 8 17 23 28 9 21 23 27 6 28 24 26 29 25 23 21 22
4 24 20 16 4 22 21 12 7 26 24 22 4 16 24 25 25 6 27 22 25 7 24 23 21 4 23 23 15 14 19 16 13 5 7 11 20 25 24 26 26 25 26 27 26
26 7 27 28 12 7 4 8 9 13 9 14 14 14 12 10 12 7 9 18 2 19 9 5 23 24 23 10 141 26 17 0 29 22 8 11 113 31 28 27 23 25 26 25 25

11 15 7 7 1
29 10
199 143 146 167 252 244 152 209 242 255 154 217 255 255 154 210 247 255 124 190 221 230 136 167 229 254 120 182 188
46 78 69 69 74 78 78 62 80 59 93 62 79 64 116 104 48 32 105 69 70 61 106 114 63 38 84 53 55
135 110 147 193 142 180 195 197 120 171 200 240 134 221 214 248 136 182 193 229 121 193 174 231 128 177 203 224 101
131 106 183 179 131 169 214 207 134 185 222 233 122 209 246 255 145 191 224 247 122 194 228 255 134 183 201 225 106
33 69 13 63 46 60 57 47 56 56 61 51 61 69 54 64 52 55 46 53 42 55 37 56 51 41 91 93 24
88 61 96 85 46 97 80 70 69 74 79 86 85 77 84 86 84 84 96 101 100 89 105 105 106 116 112 88 125
70 32 39 88 24 66 25 20 23 23 22 21 15 12 15 20 23 28 32 33 32 34 35 37 37 78 101 74 96
89 62 26 91 69 78 21 6 3 5 5 4 9 13 14 10 10 15 17 9 7 13 9 9 6 53 103 97 81
36 23 21 19 36 32 5 8 5 8 5 6 4 7 11 11 10 15 22 19 14 16 14 15 15 16 54 60 28
10 8 4 5 9 13 25 26 24 23 22 25 27 29 30 30 29 29 27 22 20 19 19 19 12 7 5 2 1

61 0 7 7 1
12 13
6 4 4 4 6 4 2 4 8 8 4 6
98 89 28 6 43 77 80 117 127 65 72 72
151 163 110 24 83 127 176 168 61 154 109 134
103 86 116 118 148 106 134 233 169 197 86 86
92 26 56 53 23 67 53 37 77 67 40 97
146 73 52 72 113 128 142 67 50 52 104 132
101 113 106 124 49 42 100 107 71 89 61 45
154 110 105 98 86 112 147 105 71 90 77 109
14 112 107 30 110 112 57 58 105 19 83 98
119 82 87 143 94 55 83 92 122 146 102 51
102 40 37 94 109 125 122 30 52 94 111 90
95 76 117 148 110 126 103 113 129 146 112 93
50 69 70 15 92 63 81 73 90 107 167 77

80 5 7 7 1
10 9
101 178 108 168 159 114 110 38 1 0
71 77 57 85 138 119 110 67 5 0
144 173 143 148 201 142 97 96 17 1
105 134 82 59 140 143 96 121 44 3
217 216 184 106 115 118 97 115 72 5
76 97 117 12 91 114 86 90 96 17
5 25 135 57 64 102 105 91 119 46
42 75 161 121 52 93 142 111 115 77
41 74 89 123 19 77 147 121 96 104

46 0 7 7 0
40 8
217 217 220 219 221 224 218 222 221 220 221 218 217 220 220 212 211 205 205 210 211 207 207 216 211 211 209 207 200 200 198 199 194 193 189 193 196 197 197 200
44 42 43 41 41 44 46 51 44 39 35 35 36 30 38 38 32 25 24 36 62 97 129 175 212 205 206 207 210 195 201 196 200 194 189 190 191 190 186 188
42 41 39 41 46 36 40 43 36 36 40 36 31 32 34 32 39 32 36 32 37 30 31 52 36 34 35 33 33 34 31 29 36 54 79 104 133 160 186 183
43 53 73 57 58 66 58 45 50 42 47 41 34 31 32 56 55 37 53 54 46 36 41 47 43 36 32 36 33 33 32 34 31 34 30 29 30 31 34 26
61 77 79 56 64 83 63 63 54 65 45 41 41 29 41 73 72 56 55 81 50 49 90 47 42 36 36 37 35 35 35 35 34 31 30 31 29 30 31 32
230 214 210 205 224 208 210 223 127 62 51 50 42 39 188 201 198 218 207 198 207 206 193 185 102 33 34 34 36 36 34 32 36 34 34 34 34 34 31 31
86 81 80 79 73 92 80 86 79 80 90 77 69 53 63 71 74 76 66 65 81 61 58 60 69 48 34 38 37 37 40 37 32 32 33 33 33 34 31 29
98 74 86 100 86 68 91 109 79 64 88 92 41 58 59 111 163 126 59 120 143 73 56 138 138 37 39 44 42 41 39 39 38 38 36 36 36 36 35 34

44 5 7 7 0
23 4
32 9 29 16 11 12 37 51 28 10 61 110 100 53 50 54 31 49 48 45 45 46 47
71 47 8 52 55 32 11 63 44 5 9 8 15 34 48 60 56 35 48 47 47 47 41
43 20 12 13 13 23 72 51 4 52 116 125 56 55 54 49 37 25 48 46 46 46 43
52 10 37 54 55 6 52 49 13 6 12 30 50 63 7 50 88 56 51 51 4 59 72

14 6 7 7 0
42 7
166 174 171 169 164 165 181 175 173 184 175 175 184 175 179 175 176 167 172 186 161 175 159 167 174 153 154 177 177 153 168 187 141 164 193 183 142 189 191 132 181 193
174 170 139 175 172 145 168 174 163 147 164 177 145 161 180 137 153 179 178 155 172 180 138 183 175 162 127 183 179 166 177 176 145 159 178 174 142 178 167 145 170 168
166 166 148 161 160 171 166 168 167 151 171 178 153 164 176 166 177 162 175 188 170 163 169 180 138 159 178 126 155 183 176 126 156 192 134 180 194 189 139 183 195 147
153 172 168 159 165 178 174 143 184 170 147 184 178 169 130 184 182 152 192 191 150 148 180 183 162 188 190 137 162 177 180 152 190 192 138 170 184 176 150 175 178 145
171 170 172 172 171 168 175 140 175 180 162 178 174 179 153 182 183 164 176 173 175 155 173 173 180 140 167 182 141 164 178 177 134 169 191 134 174 193 179 146 184 192
162 156 177 164 184 179 178 156 156 180 180 153 180 180 148 172 182 176 152 184 178 145 176 179 176 149 190 185 151 170 182 178 152 190 197 156 164 199 182 141 179 186
177 177 179 177 155 149 181 173 166 176 182 153 175 176 170 173 183 175 158 181 169 174 184 173 170 176 177 156 172 178 134 173 186 180 126 162 191 131 182 199 191 152

27 3 7 7 0
39 6
174 179 175 180 179 177 175 171 169 171 177 161 172 179 187 168 158 191 183 153 193 186 175 178 160 187 158 173 182 148 183 190 143 179 187 158 183 146 155
175 163 168 164 183 179 135 169 175 148 133 179 177 149 187 161 187 177 137 189 188 153 185 181 114 188 146 163 177 137 163 171 148 170 158 157 181 137 168
174 175 176 151 172 180 172 176 174 175 158 172 172 160 173 170 170 180 174 176 179 178 178 177 181 190 172 182 182 187 178 183 189 188 181 185 176 172 174
175 179 175 176 167 172 186 161 175 159 167 174 153 154 177 177 153 168 187 141 164 193 183 142 189 191 132 181 193 141 150 180 185 184 186 184 133 182 152
161 180 137 153 179 178 155 172 180 138 183 175 162 127 183 179 166 177 176 145 159 178 174 142 178 167 145 170 168 154 163 160 163 162 162 167 116 180 160
164 176 166 177 162 175 188 170 163 169 180 138 159 178 126 155 183 176 126 156 192 134 180 194 189 139 183 195 147 180 190 154 158 182 187 184 163 171 138

18 7 7 7 0
33 4
172 145 168 174 163 147 164 177 145 161 180 137 153 179 178 155 172 180 138 183 175 162 127 183 179 166 177 176 145 159 178 174 142
160 171 166 168 167 151 171 178 153 164 176 166 177 162 175 188 170 163 169 180 138 159 178 126 155 183 176 126 156 192 134 180 194
165 178 174 143 184 170 147 184 178 169 130 184 182 152 192 191 150 148 180 183 162 188 190 137 162 177 180 152 190 192 138 170 184
171 168 175 140 175 180 162 178 174 179 153 182 183 164 176 173 175 155 173 173 180 140 167 182 141 164 178 177 134 169 191 134 174

23 13 7 7 0
17 7
114 117 71 185 121 123 55 186 124 119 40 210 121 110 53 202 130
117 115 70 156 119 110 52 155 124 111 42 177 122 103 51 194 123
104 100 93 74 117 112 102 68 146 119 94 51 138 121 89 65 157
187 115 122 69 198 122 116 52 169 122 113 48 179 123 110 57 193
140 114 107 57 160 118 108 53 164 99 92 42 129 115 87 46 141
100 75 123 114 114 75 126 113 107 59 145 129 114 65 144 125 105
106 76 132 118 115 58 140 119 114 54 140 125 118 44 138 126 112

34 0 7 7 1
15 15
17 19 8 11 17 14 15 15 22 3 12 20 26 30 47
181 132 152 190 209 117 157 169 134 169 160 84 174 193 160
255 213 243 255 255 197 255 225 172 221 239 120 255 190 255
170 232 228 151 218 221 255 133 75 135 177 188 255 105 255
64 171 172 64 86 141 162 155 71 141 63 132 186 77 175
170 63 94 183 159 81 141 255 57 128 76 133 187 113 164
255 115 230 255 255 93 255 234 187 114 165 162 238 67 193
255 173 255 227 255 155 255 232 255 133 255 172 255 121 247
179 106 90 175 118 139 93 151 112 108 63 109 80 101 81
83 178 194 62 176 205 251 62 172 187 232 68 167 210 217
179 141 185 114 228 129 231 102 212 115 215 107 206 139 209
197 200 255 130 213 223 255 98 189 174 216 84 163 185 194
44 129 99 185 43 121 87 161 36 123 122 220 26 126 61
99 218 169 255 77 222 194 255 92 249 182 255 89 212 211
132 251 175 255 96 241 160 255 127 255 233 255 117 240 212

16 16 7 6 0
29 11
61 58 22 51 79 77 71 61 46 61 97 97 76 98 100 45 64 74 65 64 92 19 39 83 77 81 77 25 48
57 38 33 177 36 48 56 43 45 94 39 47 56 47 43 83 33 37 63 45 43 115 32 44 70 67 49 49 57
35 77 218 69 68 27 50 80 15 67 78 46 81 77 237 69 75 77 35 71 243 47 80 79 27 52 120 199 69
25 74 67 65 63 26 54 71 83 70 68 40 92 78 77 80 76 77 41 61 74 78 74 72 24 49 66 71 72
20 80 66 63 60 24 56 84 77 69 64 39 94 76 75 77 77 81 42 63 74 78 76 86 19 45 63 72 75
55 31 25 32 27 24 93 31 32 35 29 31 121 37 37 33 40 38 70 30 39 33 42 41 39 29 36 34 34
66 70 27 30 71 134 77 72 25 63 78 88 79 73 63 96 75 79 80 82 78 82 78 77 77 81 74 73 72
69 60 29 34 76 79 74 69 24 58 78 165 180 62 47 50 67 96 95 95 92 89 90 88 86 82 86 84 83
63 63 28 27 65 73 71 70 30 46 85 72 70 60 40 210 78 103 117 112 110 109 111 107 104 104 103 92 93
32 36 27 56 29 31 44 33 35 70 35 35 32 31 32 147 35 29 31 32 34 32 31 30 31 31 29 32 30
97 93 93 90 96 93 104 101 102 99 103 110 103 99 100 104 103 99 102 90 104 111 116 115 125 124 111 117 109

6 17 7 7 0
38 9
21 23 7 22 40 25 6 23 31 27 8 16 42 24 9 13 42 23 12 11 45 22 12 8 30 27 18 4 31 30 26 8 25 34 24 7 28 27
20 20 4 26 25 22 3 23 24 21 4 22 25 26 5 15 30 28 7 14 27 26 10 6 29 28 16 3 28 23 21 7 30 32 24 10 26 29
7 3 4 11 12 5 3 11 12 9 3 5 6 6 4 8 9 7 5 7 7 8 5 7 7 7 6 5 5 6 3 2 5 7 5 11 2 1
22 20 17 13 28 26 23 20 5 27 27 27 27 27 27 29 28 29 29 30 29 31 30 30 30 30 28 30 29 28 27 28 29 23 5 28 29 30
49 19 14 8 54 29 19 19 6 27 30 27 29 29 28 28 29 29 31 31 31 31 31 31 31 32 32 32 34 34 32 32 32 25 4 43 48 30
23 22 11 13 21 23 22 14 8 28 28 30 30 30 29 29 29 29 31 31 31 31 32 32 33 34 34 34 33 33 32 33 37 29 10 29 28 27
19 18 11 16 20 19 20 14 10 23 21 22 24 24 24 24 23 22 25 25 25 25 22 24 24 25 24 22 23 23 23 21 24 21 10 22 19 20
15 15 14 16 13 12 12 11 15 12 11 11 12 12 12 12 11 11 12 13 14 16 15 15 15 15 16 16 15 13 14 15 14 19 24 19 17 21
46 49 46 45 48 50 50 52 57 63 63 63 67 70 70 70 68 70 73 73 74 79 81 81 78 78 78 71 70 63 62 63 63 58 63 64 57 70

69 0 7 7 0
18 8
60 46 58 64 63 67 53 50 40 51 51 46 53 92 48 61 71 64
54 57 46 58 63 69 66 31 48 45 53 70 46 59 45 54 62 66
49 59 56 53 66 81 72 62 74 81 62 79 61 53 44 46 51 52
58 52 56 48 63 75 65 72 50 42 54 50 61 58 35 44 57 59
67 39 47 35 35 48 34 31 32 39 27 31 31 31 28 47 54 70
59 31 16 37 35 10 36 34 23 38 26 96 144 104 78 24 55 58
60 50 143 34 39 79 101 35 36 77 38 57 51 19 22 20 44 53
86 114 60 54 64 64 55 62 56 45 52 52 50 55 41 38 44 56

12 5 7 7 0
24 14
185 204 200 147 207 203 205 153 208 207 206 135 203 105 217 210 200 140 214 213 196 138 216 215
144 165 169 180 167 170 166 177 174 172 170 145 199 135 172 173 176 153 176 177 178 147 176 178
191 190 194 191 194 196 195 195 197 202 197 198 200 195 200 203 205 204 204 207 206 206 209 213
180 200 201 97 125 205 191 108 125 207 178 124 77 211 165 129 158 213 157 129 175 218 151 121
212 201 195 155 210 207 179 136 216 210 172 146 216 213 157 149 220 215 152 142 224 217 152 144
211 207 188 152 212 211 178 128 216 213 176 149 210 216 167 139 226 218 154 139 218 222 157 139
159 168 172 149 162 171 171 167 171 172 179 169 175 179 175 173 173 179 179 171 174 180 181 174
172 153 113 208 163 148 217 209 168 163 148 213 166 150 134 215 161 154 143 215 162 155 187 219
165 142 210 206 157 144 216 211 162 147 218 211 162 142 219 215 159 149 223 216 158 151 221 218
167 153 167 167 176 154 165 170 181 142 174 173 188 154 174 173 182 164 178 175 180 165 176 174
203 174 152 189 210 173 147 178 208 175 145 189 212 168 152 139 213 167 157 74 216 169 150 119
202 169 161 213 208 167 169 215 209 171 155 220 213 166 159 217 212 169 162 218 215 165 157 219
163 177 145 172 171 173 159 185 178 175 154 187 183 173 167 194 188 171 162 204 194 173 162 207
186 194 211 167 193 210 206 161 178 188 196 160 157 203 210 159 170 201 210 165 172 193 204 164

1 0 7 7 1
25 4
20 28 26 18 14 34 26 11 28 26 28 7 20 6 24 28 42 20 8 14 26 13 3 5 11
26 35 19 129 121 149 57 53 106 151 181 111 158 144 129 101 168 190 99 166 154 153 64 65 121
33 28 44 126 88 160 198 132 121 154 228 201 144 152 252 149 162 210 222 110 157 255 255 137 121
8 78 129 144 153 107 139 180 63 109 68 191 52 140 142 172 70 98 254 86 185 101 215 255 99

32 9 7 7 0
11 6
184 182 188 151 178 190 180 158 176 192 165
169 169 177 164 167 166 167 164 168 163 173
189 161 193 196 185 142 184 191 176 161 195
187 157 186 185 183 155 184 183 176 160 187
185 186 157 181 188 177 156 184 192 177 170
196 189 159 190 196 185 158 200 194 180 156

18 17 7 7 1
40 8
97 89 112 34 125 84 80 46 96 92 65 64 82 95 35 90 51 102 29 94 60 79 28 93 60 44 52 42 83 63 73 95 83 113 121 126 85 62 59 84
32 30 83 88 71 30 70 62 43 39 66 66 40 53 72 63 24 64 72 27 25 58 91 65 32 1 46 17 58 60 15 36 28 59 58 93 36 16 32 57
97 106 97 92 104 106 95 103 112 112 99 99 104 106 96 91 100 103 103 146 36 143 75 72 102 3 63 37 79 91 55 122 116 172 112 138 81 52 37 80
33 37 30 29 29 20 11 15 12 12 16 17 20 23 27 34 41 43 44 119 25 132 88 89 90 30 69 14 48 46 44 54 39 62 70 84 28 5 17 69
8 19 8 5 15 15 10 8 6 1 2 3 6 2 2 7 9 7 4 72 65 64 8 8 38 66 39 20 42 53 64 48 26 44 65 74 48 46 53 73
40 36 21 20 27 24 23 23 24 23 20 23 24 23 24 31 42 44 46 66 75 79 79 78 69 39 29 37 51 45 42 30 25 17 11 7 1 2 1 3
11 11 6 1 7 8 7 5 5 4 1 2 3 3 6 7 3 1 2 4 9 10 13 12 13 16 19 23 25 27 31 38 36 38 43 49 49 50 53 54
29 28 26 21 26 31 30 28 29 29 27 27 26 23 22 24 28 28 32 35 34 41 43 44 52 55 55 58 61 61 65 68 64 62 65 72 70 72 78 77

38 10 7 7 0
14 5
224 217 195 120 225 216 225 122 199 227 228 168 176 223
223 212 198 124 227 212 225 131 203 216 231 169 177 223
194 189 190 120 193 191 191 115 188 191 193 179 186 189
186 160 225 211 218 134 221 200 226 160 194 222 202 203
175 157 224 227 221 129 224 229 226 157 194 224 228 204

86 8 6 7 0
5 10
139 147 148 151 153
142 148 148 149 152
142 147 149 149 151
138 145 148 149 151
141 143 150 149 149
144 144 149 152 150
145 145 147 148 150
144 146 146 145 183
147 145 145 148 192
141 141 144 184 193

20 19 7 5 0
43 9
15 11 7 16 17 13 10 19 24 19 10 17 42 22 13 20 80 35 19 30 115 52 29 46 140 90 35 60 179 189 189 186 177 181 114 64 142 174 87 240 232 227 222
19 17 20 25 21 23 28 37 37 39 41 56 54 58 64 96 81 88 96 82 61 51 55 118 61 49 45 116 52 40 41 40 37 28 175 31 32 27 126 218 196 193 191
21 23 21 23 23 24 26 28 28 32 35 31 32 33 36 36 33 33 27 98 75 44 38 40 144 118 95 69 70 137 144 132 106 115 87 128 134 140 105 180 30 91 140
29 31 33 33 34 34 35 37 41 43 45 47 48 50 53 57 58 22 27 102 67 43 32 26 128 183 84 65 49 126 157 133 105 101 78 142 150 141 119 184 27 109 136
6 7 8 8 8 8 9 10 11 13 14 15 15 16 16 16 17 10 18 37 35 21 16 21 76 71 60 42 61 99 125 110 91 100 78 115 144 140 108 177 34 91 140
146 151 157 160 160 165 167 166 177 171 172 173 172 170 168 167 166 161 158 161 155 156 150 154 153 152 144 143 156 130 124 121 117 169 103 91 86 77 124 182 49 45 35
100 104 105 106 109 111 113 115 108 115 120 122 124 126 126 130 131 136 135 138 144 148 146 149 150 154 155 157 158 161 161 166 169 168 173 170 169 164 162 163 160 158 157
46 50 53 57 57 63 60 61 65 66 65 67 68 68 68 66 68 66 67 70 74 70 70 70 72 70 71 70 72 79 77 80 82 82 86 92 94 97 99 97 94 88 85
170 172 173 174 175 176 178 179 178 179 182 182 182 182 181 184 181 180 177 178 175 176 170 167 159 157 151 145 138 130 123 117 114 101 94 82 77 70 63 56 50 46 40

7 17 7 5 1
14 11
38 31 148 179 113 60 54 95 12 77 12 66 24 62
24 24 226 57 202 20 178 81 141 87 221 161 112 96
47 33 219 180 208 26 150 84 155 128 135 125 130 210
32 46 15 56 27 37 66 68 103 156 220 198 114 220
61 33 49 32 42 54 30 39 45 33 62 52 23 59
63 43 64 31 41 49 41 61 24 31 18 12 12 15
28 39 49 20 37 41 43 47 28 43 36 30 31 30
14 12 5 16 11 3 14 18 19 29 22 15 23 22
16 7 7 10 5 4 12 3 6 16 4 6 9 2
143 126 127 131 124 120 125 134 141 131 119 104 81 66
141 141 145 148 144 143 142 151 148 153 152 145 140 180

47 6 7 7 0
13 7
203 129 236 213 232 143 230 229 210 198 208 209 120
205 114 239 219 241 128 221 220 219 214 209 196 200
171 107 180 169 188 134 173 165 173 170 172 191 211
231 217 200 118 239 217 209 146 231 225 218 214 234
240 219 192 90 240 221 199 115 238 224 219 208 218
171 174 184 81 173 177 183 94 172 176 171 175 196
94 241 223 201 51 218 229 228 228 224 221 219 217

54 0 7 7 1
8 4
255 255 255 255 255 255 255 255
11 10 14 8 4 7 4 6
123 125 102 10 39 108 114 66
238 164 191 27 80 213 195 127

