32 64
88

14 4 7 7 1
12 26
95 147 190 182 35 125 36 126 100 106 120 85
57 95 223 188 9 85 81 14 82 141 180 149
125 118 170 232 80 42 39 75 56 11 38 76
106 125 241 255 120 75 68 10 57 89 84 68
40 28 139 255 205 89 60 70 53 12 29 35
128 107 19 152 255 195 40 30 22 25 20 36
72 43 46 44 136 255 150 39 20 22 34 45
53 62 71 91 73 196 255 131 29 52 55 66
24 33 42 26 123 47 255 255 55 9 55 93
56 54 4 64 71 226 26 255 193 87 56 10
29 43 56 61 74 124 197 168 255 53 82 81
47 18 55 92 90 71 191 25 255 246 3 25
47 25 33 70 111 74 181 173 185 255 86 27
40 4 23 49 157 66 140 216 56 255 195 50
23 25 8 33 71 159 62 200 85 213 249 92
54 20 37 29 16 110 47 174 195 95 228 70
18 30 32 72 42 165 163 167 220 34 240 156
74 77 66 73 106 176 139 192 215 84 190 235
106 94 113 136 139 208 197 255 255 74 97 113
114 152 194 180 126 110 56 132 208 147 39 126
198 230 220 169 122 145 184 248 255 231 110 137
137 77 13 53 52 105 158 26 218 241 134 243
98 158 178 75 21 52 139 32 193 240 125 255
96 172 255 255 119 39 148 59 212 244 173 255
101 116 58 255 255 66 143 53 206 211 255 255
84 133 76 131 255 207 120 55 183 255 255 135

0 6 7 7 0
6 23
91 42 76 84 90 135
68 35 58 94 90 92
49 63 48 77 80 96
37 53 63 65 57 36
55 52 175 70 72 39
72 78 68 57 83 65
89 81 79 41 69 39
58 82 45 47 32 94
66 85 55 57 100 62
123 105 63 69 67 96
78 107 94 86 82 97
119 105 83 89 114 97
125 100 67 80 131 107
127 122 67 63 113 106
103 120 69 54 60 86
114 87 64 51 53 72
115 116 72 28 30 29
172 128 65 64 56 58
88 71 59 124 125 129
76 82 58 127 130 149
77 77 59 146 157 163
87 63 65 68 46 48
97 65 47 46 250 250

19 0 5 7 1
9 19
75 200 51 95 35 11 179 84 33
65 218 79 48 166 133 32 96 138
75 84 94 20 160 53 177 68 107
73 101 56 87 224 138 72 78 45
122 134 78 58 84 123 126 117 137
134 64 116 61 95 77 108 141 129
61 66 69 49 18 70 138 170 146
103 71 27 52 78 59 11 34 58
189 112 76 64 14 56 86 88 72
230 194 65 66 75 54 14 25 38
99 255 143 31 35 21 19 21 24
54 164 227 107 43 33 31 26 40
47 75 134 255 115 29 55 52 58
71 13 48 217 215 7 5 44 86
34 68 34 71 255 74 73 67 15
54 32 16 47 254 255 50 71 97
59 81 64 63 125 255 186 9 29
96 66 105 77 12 216 229 41 23
103 30 115 77 12 189 181 48 52

0 22 7 7 1
12 5
203 189 222 151 36 187 208 53 61 41 57 59
201 186 210 59 180 255 255 255 255 255 72 50
221 255 179 36 157 255 170 68 255 255 191 90
255 255 59 38 150 255 255 255 227 255 255 255
255 255 48 36 132 255 147 101 91 237 208 152

0 38 7 7 1
4 11
10 8 68 176
13 31 22 51
26 44 21 54
11 23 4 40
5 31 19 47
5 21 21 6
13 17 12 8
4 13 30 20
24 30 37 90
1 23 22 144
57 36 15 137

10 0 7 7 1
15 10
10 57 76 77 83 105 89 164 49 114 101 141 58 189 150
35 32 39 32 15 20 189 224 112 8 120 80 94 123 36
41 25 51 59 79 35 196 193 57 95 69 103 71 137 187
106 47 65 56 49 67 189 160 78 33 113 96 18 90 255
151 98 110 110 92 149 236 127 28 44 112 46 68 74 208
78 66 102 62 55 79 233 167 30 31 63 65 10 31 111
85 126 113 68 134 105 158 229 102 95 59 28 47 64 29
72 51 93 47 68 98 218 255 126 72 71 61 25 26 68
55 39 91 82 36 39 85 235 249 128 36 47 46 47 29
185 134 132 102 91 79 37 64 255 255 93 14 17 10 20

0 1 7 7 1
7 10
222 255 217 28 29 28 17
189 255 204 29 45 28 21
156 255 199 41 31 18 17
124 255 183 48 21 17 15
108 255 164 38 17 17 14
63 255 147 27 20 16 14
27 255 124 17 20 7 7
137 255 102 2 8 3 14
220 255 82 5 6 10 71
255 255 43 11 16 20 94

11 22 7 7 1
9 8
39 29 21 5 10 16 18 27 37
66 83 88 70 72 73 68 50 84
140 151 148 132 147 142 124 132 174
87 41 47 9 73 26 97 24 80
166 107 126 86 160 171 116 153 135
51 42 92 89 102 102 134 35 56
75 100 91 44 101 164 62 75 16
39 159 203 110 82 153 188 109 72

8 52 7 5 1
8 8
18 23 12 13 12 27 46 45
32 73 78 82 84 49 19 50
67 135 96 71 78 94 96 29
104 142 49 38 36 61 111 95
60 84 12 48 37 58 64 105
34 149 119 96 75 110 105 148
140 255 255 135 151 159 167 196
255 255 141 23 41 44 47 67

0 53 7 7 1
14 5
104 92 34 135 39 106 109 35 63 74 38 157 124 91
168 94 58 153 96 159 66 48 71 34 92 193 87 97
183 196 179 206 155 132 95 74 56 59 176 138 28 17
56 95 149 141 51 30 71 63 108 207 205 46 38 51
27 40 74 82 66 85 19 107 182 186 107 50 50 73

1 6 7 7 1
13 15
4 5 4 2 28 141 255 255 255 242 244 252 232
2 2 2 11 110 255 255 219 63 44 58 56 72
1 3 10 59 175 184 202 218 216 217 230 209 232
1 2 63 179 168 71 131 151 175 183 198 184 222
1 14 147 207 129 95 101 87 89 101 119 105 136
1 90 228 195 142 118 114 106 125 152 175 151 187
6 160 250 180 154 81 66 42 56 55 20 38 78
85 255 254 159 112 75 53 9 78 59 48 95 101
158 255 202 125 31 45 53 25 75 35 14 111 33
169 242 140 91 27 48 42 67 28 32 64 75 7
237 255 182 109 70 99 64 77 95 100 119 53 26
255 255 165 69 54 95 85 122 138 114 79 30 20
204 184 217 116 105 102 89 69 69 83 146 158 148
164 120 183 156 167 145 161 153 153 188 255 227 242
190 64 49 102 116 123 107 88 83 150 178 125 137

2 6 7 7 1
15 9
113 23 18 18 171 255 255 255 232 235 252 232 216 230 255
95 12 6 142 255 255 243 61 39 57 56 72 107 138 179
80 17 79 255 255 200 210 215 217 231 209 232 255 248 242
61 70 253 249 82 137 150 175 182 198 184 222 233 246 233
19 190 255 167 98 99 85 89 101 119 105 136 155 150 137
126 255 255 140 116 113 105 125 152 175 151 187 185 164 148
233 255 220 153 81 66 42 56 55 20 38 78 42 60 31
255 255 172 113 75 53 9 78 59 48 95 101 44 34 32
255 228 133 32 45 53 25 75 35 14 111 33 50 13 29

1 0 7 7 0
8 25
108 108 109 106 104 102 105 106
111 110 112 111 111 107 108 72
110 113 110 110 110 107 108 63
115 113 115 115 115 114 114 63
121 120 126 125 124 117 123 86
103 105 97 97 97 104 112 70
49 49 53 53 53 51 62 98
45 45 48 48 48 49 46 64
45 45 47 47 47 44 45 52
46 46 46 46 46 45 53 128
46 46 46 46 46 57 152 136
46 46 44 46 52 143 118 189
46 46 44 52 120 97 173 134
46 46 46 85 94 151 128 87
46 46 71 78 138 117 80 80
46 46 68 105 115 83 75 91
46 70 57 83 72 83 99 106
57 58 70 72 94 90 89 70
94 60 75 94 86 71 68 67
78 68 90 107 91 64 61 60
84 67 107 132 105 62 56 54
42 60 101 115 113 66 57 57
38 96 192 183 112 70 48 48
44 92 172 168 116 64 43 37
76 32 27 25 34 34 38 35

0 0 7 7 0
7 10
141 132 101 74 30 79 128
76 121 135 136 135 143 108
105 111 117 154 126 165 117
88 103 120 100 74 109 173
139 64 88 97 40 55 124
113 66 86 128 157 171 156
91 42 76 84 90 135 158
68 35 58 94 90 92 122
49 63 48 77 80 96 99
37 53 63 65 63 39 109

0 0 7 7 1
8 9
61 26 47 103 180 121 182 39
42 83 76 53 167 194 146 136
55 30 77 91 88 115 59 155
69 104 57 116 180 176 255 87
35 129 90 101 88 144 228 75
79 204 112 129 60 131 197 122
160 177 101 163 147 195 213 121
139 109 32 108 81 66 149 190
123 47 12 50 88 72 138 175

2 0 7 7 1
10 30
0 0 0 0 0 0 0 0 0 0
0 0 0 0 0 1 2 40 96 122
0 0 0 0 0 2 132 255 255 255
0 0 0 0 0 2 255 255 255 240
0 0 0 0 1 1 255 255 45 9
0 0 0 0 2 1 255 255 28 34
0 0 0 0 2 1 255 255 4 39
0 0 0 0 1 2 255 255 40 34
0 0 0 0 0 1 255 255 177 55
0 0 0 0 0 0 101 255 235 101
0 0 0 0 0 13 242 255 255 246
0 0 1 2 29 255 255 255 74 105
0 0 1 1 226 255 255 7 185 255
1 1 0 216 255 255 44 157 134 214
1 1 133 255 255 130 149 142 117 132
1 6 255 255 220 183 186 135 68 39
0 120 255 255 89 245 227 184 95 107
13 255 255 197 245 230 242 208 179 207
80 255 255 96 202 184 166 123 110 171
255 255 255 184 224 173 86 155 228 255
255 255 68 244 249 166 106 28 255 255
255 255 228 255 179 73 71 255 255 156
255 255 255 255 83 22 49 139 139 158
255 255 255 255 120 43 53 62 92 125
255 255 255 255 155 201 193 235 235 193
255 255 255 255 255 255 158 140 98 77
255 255 72 215 78 136 57 41 7 14
255 255 128 255 130 186 113 123 126 130
255 255 180 224 95 149 102 67 48 50
255 255 124 186 46 112 141 144 144 149

9 9 7 7 0
14 18
118 110 139 120 125 127 100 101 107 94 15 22 14 20
138 149 159 129 147 162 103 92 118 142 110 12 5 20
128 153 172 116 134 173 104 91 129 97 112 111 16 18
123 125 120 133 116 135 106 114 115 155 125 185 77 16
111 104 113 99 135 94 97 106 107 108 160 180 145 26
100 95 100 107 127 98 95 117 102 105 106 130 169 146
101 105 95 104 117 104 111 113 107 108 107 118 95 167
107 101 110 87 100 86 109 107 101 108 107 106 93 147
103 109 100 87 102 86 106 104 100 105 106 110 107 118
103 107 91 91 102 89 100 98 99 103 107 107 103 112
96 118 89 99 101 97 100 101 99 101 103 112 98 106
105 105 89 155 179 101 94 98 104 105 109 97 118 97
100 94 92 96 96 96 99 98 97 98 106 93 97 85
101 113 119 122 117 103 99 98 97 97 98 91 94 103
107 110 117 119 110 100 96 104 101 107 102 104 110 138
5 4 3 8 3 2 2 2 2 3 2 0 3 44
148 112 120 97 99 115 141 109 122 180 160 162 160 215
204 101 124 196 191 178 91 161 167 189 92 138 224 215

6 0 7 7 1
14 10
24 28 37 49 76 48 48 45 63 61 56 83 48 31
81 74 75 62 89 57 60 75 87 63 63 97 87 86
105 167 168 187 177 178 213 236 255 249 249 74 39 62
255 255 234 216 182 242 255 255 255 247 255 224 34 31
241 113 74 51 30 101 99 87 40 49 255 255 33 18
255 124 107 61 31 105 178 111 49 43 255 255 16 19
255 163 142 88 74 230 233 81 64 55 255 255 18 6
255 255 223 138 103 220 249 199 219 210 255 255 26 8
255 250 255 166 165 240 255 248 243 255 255 255 39 19
182 110 98 42 27 51 52 43 43 98 87 214 75 19

21 22 5 7 1
7 26
129 181 96 77 255 255 87
135 104 40 244 255 213 140
177 207 207 255 241 14 61
212 186 255 255 255 40 33
83 27 170 255 241 18 126
157 153 168 255 236 32 255
186 237 99 255 240 226 255
46 149 21 255 248 255 255
166 148 55 255 179 255 123
95 68 91 255 150 255 255
187 78 101 255 255 255 255
255 123 159 255 255 11 9
255 119 213 255 255 6 4
255 127 215 255 255 7 4
255 149 205 255 255 8 8
255 96 196 255 255 5 5
255 16 182 255 255 8 1
199 22 192 255 255 95 143
78 5 190 255 255 201 205
98 12 179 255 233 133 67
110 2 153 255 159 12 26
105 10 138 255 165 61 83
107 20 144 255 242 119 123
85 116 255 255 255 131 97
78 245 255 202 249 108 11
79 88 173 216 255 253 95

24 47 5 7 1
4 6
162 160 99 10
185 146 101 8
183 232 142 28
102 225 167 25
80 193 206 16
127 199 190 9

14 37 7 7 0
12 18
131 168 201 107 158 152 173 77 161 103 55 175
246 144 139 104 237 169 104 86 74 120 53 159
191 182 95 177 196 97 94 59 88 99 51 165
24 222 142 53 78 79 86 76 89 53 48 163
153 21 111 184 220 245 226 248 190 123 19 164
78 56 182 141 159 179 173 175 165 116 22 175
106 50 14 40 115 163 192 163 138 149 22 177
60 108 82 39 88 102 81 95 91 5 32 171
14 23 75 92 122 123 116 82 79 19 21 174
12 19 5 30 81 92 74 72 75 24 33 157
146 147 153 154 177 172 159 156 139 114 118 130
184 172 159 149 148 149 155 155 156 151 120 105
129 133 134 140 165 177 166 157 158 162 123 105
137 138 139 139 159 180 170 148 154 151 116 106
131 138 145 140 151 151 152 153 150 133 128 121
135 145 143 142 174 151 156 159 153 132 119 113
131 140 134 138 144 150 153 143 142 127 111 121
126 125 127 127 110 145 139 134 141 105 108 126

5 37 7 6 0
14 22
210 202 202 213 102 93 91 92 93 118 179 177 204 179
208 200 198 251 159 115 144 233 248 244 245 245 217 177
208 201 197 180 248 252 250 247 206 160 163 166 213 180
207 200 200 195 112 60 57 57 61 67 76 124 200 179
205 199 200 194 114 61 58 57 58 58 69 136 183 179
205 199 200 199 192 180 70 56 55 75 185 183 188 179
205 199 200 200 194 178 153 141 138 146 168 187 190 180
204 198 199 200 195 181 154 138 133 145 170 188 190 179
204 197 196 200 194 179 154 136 133 145 169 189 190 180
211 199 204 201 197 181 153 130 126 140 169 194 193 183
170 109 110 120 105 92 91 73 69 59 47 45 57 77
117 109 90 107 124 130 108 78 66 50 52 66 80 84
114 107 154 136 109 88 72 53 54 66 66 75 87 87
154 112 79 108 130 104 75 58 68 49 81 75 65 116
161 103 117 142 134 88 94 96 103 87 100 76 67 85
163 127 114 124 113 75 82 70 83 82 64 148 89 105
126 119 104 117 109 84 59 65 57 56 90 129 93 93
102 124 96 78 87 92 91 73 60 62 118 95 112 56
128 102 104 74 54 47 48 49 41 46 70 59 57 51
67 109 110 76 56 35 29 10 8 16 47 45 58 126
67 69 70 80 60 33 18 9 9 13 44 87 102 66
69 69 67 80 168 47 24 19 16 27 72 95 106 68

8 20 7 7 0
13 18
114 147 159 70 70 127 88 76 112 124 98 170 192
42 60 69 70 71 65 70 72 77 75 71 162 180
10 29 52 63 66 72 76 69 70 72 66 86 105
15 28 36 41 47 56 79 66 66 51 38 63 61
87 85 83 80 78 80 85 87 93 104 105 119 121
134 139 162 182 201 209 211 227 223 227 219 228 233
60 67 51 55 137 166 180 183 176 170 185 98 133
114 127 130 111 78 27 59 96 86 18 43 117 141
95 111 104 105 113 107 106 101 99 116 120 135 154
102 234 197 214 236 205 66 248 241 93 241 236 175
216 223 31 27 229 203 67 247 245 15 251 227 250
223 212 60 74 212 197 68 231 235 65 238 214 46
182 202 67 83 190 193 152 204 209 72 226 209 223
76 190 152 48 187 105 109 166 199 62 204 197 104
37 153 72 93 129 195 165 34 66 63 175 206 224
55 99 199 96 95 100 182 168 161 146 121 58 207
78 72 174 165 189 154 162 244 251 246 252 167 41
92 94 154 156 224 227 204 226 122 179 217 166 118

17 30 6 6 1
10 29
240 64 255 138 95 183 80 255 255 255
255 100 255 147 150 211 93 238 161 255
206 46 215 240 60 195 67 255 255 255
226 70 69 210 63 124 75 255 255 21
122 230 215 57 123 88 72 255 255 15
51 218 255 59 153 89 55 255 255 19
150 177 133 118 80 64 51 255 255 31
207 221 140 130 68 66 52 255 255 27
220 254 197 97 132 76 54 255 255 24
103 173 91 42 88 65 51 255 255 125
236 104 34 40 66 83 43 255 255 167
65 82 52 35 101 102 56 255 255 58
99 59 41 96 121 83 62 255 255 34
65 105 124 135 104 78 67 255 255 58
137 86 82 74 51 55 49 255 255 104
75 31 25 15 36 56 49 255 255 116
177 183 165 133 101 94 78 228 255 242
117 92 91 73 61 70 32 122 255 255
123 128 117 84 5 55 49 56 255 255
83 78 66 7 29 12 58 44 255 255
44 43 69 32 39 26 67 42 255 214
53 53 48 43 104 88 133 61 255 206
37 37 34 49 84 41 103 87 255 152
56 54 55 69 95 101 49 72 245 143
8 54 17 78 42 48 140 112 150 252
102 51 22 124 63 48 74 10 55 217
116 175 231 197 72 39 69 95 109 126
255 255 255 176 108 59 67 43 105 71
200 163 58 170 149 21 46 173 116 43

14 0 5 7 0
14 9
65 46 66 54 82 67 80 67 80 74 100 186 115 159
34 44 42 56 55 54 60 46 58 50 65 63 119 176
88 87 89 94 126 55 32 51 34 48 33 45 58 168
86 95 97 105 126 49 29 45 26 44 31 44 35 103
93 99 103 111 116 38 23 39 28 38 25 46 34 51
108 106 108 129 153 40 28 36 25 36 21 42 24 45
113 102 106 136 165 43 25 31 21 33 26 34 26 38
107 112 109 99 204 50 24 28 19 30 22 30 24 34
110 103 101 155 41 27 20 25 17 26 19 26 21 31

0 37 7 7 1
8 13
67 227 255 172 66 79 51 78
9 154 255 218 71 83 87 119
7 59 255 255 73 129 93 91
21 23 255 255 71 160 227 187
8 14 255 255 31 27 132 173
9 24 255 255 48 17 62 76
47 6 255 255 75 62 68 58
71 17 255 255 41 43 51 53
66 64 255 255 142 106 53 33
26 218 255 218 185 215 170 157
20 255 255 90 50 33 59 78
39 255 255 56 83 60 53 45
25 255 255 13 36 14 47 55

13 26 7 7 1
8 18
255 255 240 164 91 96 149 222
181 76 141 255 255 254 147 108
158 22 167 248 208 195 198 160
92 216 149 101 183 231 253 105
30 255 255 255 240 64 255 138
177 239 169 199 255 100 255 147
255 210 84 188 206 46 215 240
210 255 90 255 226 70 69 210
211 255 61 74 122 230 215 57
103 79 169 237 51 218 255 59
119 206 116 210 150 177 133 118
119 255 237 89 207 221 140 130
255 213 134 199 220 254 197 97
176 255 255 147 103 173 91 42
161 255 17 171 236 104 34 40
196 255 118 139 65 82 52 35
119 130 35 97 99 59 41 96
90 153 16 12 65 105 124 135

22 6 6 7 1
5 12
102 95 79 68 38
60 71 63 79 72
19 19 20 41 32
72 44 26 37 15
77 102 80 75 49
157 18 53 47 47
200 151 16 10 10
105 210 72 29 6
53 115 164 125 44
60 36 104 143 68
113 71 70 146 83
93 78 95 157 78

5 8 7 7 0
6 27
16 21 40 67 74 82
34 111 102 91 119 105
63 93 88 105 160 146
75 81 84 77 115 90
73 98 113 104 93 80
84 90 111 90 96 106
96 87 136 88 111 99
89 97 84 95 101 91
90 89 90 103 103 96
93 94 100 133 98 90
93 98 95 94 92 93
94 97 92 93 98 95
98 95 102 93 91 92
93 93 94 96 96 96
91 91 90 88 88 88
79 81 81 80 80 80
93 90 89 88 88 88
106 109 110 103 112 107
14 18 31 104 77 120
85 88 90 72 75 56
105 112 95 90 87 97
122 124 107 133 109 117
102 73 35 69 88 28
52 216 155 154 192 185
51 130 165 156 181 198
46 117 77 9 1 67
211 12 18 18 73 135

3 13 7 7 0
8 4
142 22 65 94 70 80 98 103
27 45 57 115 102 96 111 108
29 74 97 117 116 147 148 145
48 62 161 135 126 136 204 98

13 44 7 7 0
8 4
110 72 183 143 16 14 8 0
177 224 241 229 220 213 202 188
13 12 22 52 59 59 61 49
66 69 72 119 97 103 105 96

4 27 7 7 0
5 17
69 202 85 7 5
61 160 58 3 0
100 8 2 1 0
90 1 2 7 126
61 143 32 175 184
24 3 1 3 32
1 192 125 14 63
15 180 21 144 58
14 93 78 61 57
17 57 48 67 99
21 71 29 41 55
4 82 119 42 48
18 24 108 137 47
20 28 24 103 167
28 31 29 35 78
32 33 33 42 50
34 36 33 42 50

8 31 7 7 0
7 12
214 101 175 190 214 69 108
213 110 159 56 188 129 58
91 121 182 78 123 176 49
176 78 143 183 76 181 161
226 102 122 173 197 85 101
183 202 229 149 79 197 139
95 86 185 81 83 227 92
93 82 199 88 91 240 95
68 84 183 85 101 117 131
73 107 135 81 169 251 193
87 139 91 78 76 146 210
115 203 176 187 126 68 182

12 38 7 7 0
11 7
91 240 95 87 155 77 126 214 78 169 65
101 117 131 215 108 78 113 180 88 151 119
169 251 193 165 88 80 218 123 191 117 123
76 146 210 209 75 211 188 173 117 126 113
126 68 182 174 183 99 119 126 131 123 116
150 164 217 86 80 54 160 133 138 130 120
153 75 62 63 79 187 179 166 160 141 126

19 4 6 7 1
8 13
50 29 32 35 38 48 59 61
119 98 69 40 28 33 23 5
196 178 182 170 151 136 117 86
93 107 126 147 172 184 184 174
108 31 25 27 52 84 113 134
200 168 49 2 5 3 6 21
193 237 189 60 9 7 2 0
207 219 254 180 48 3 2 0
187 255 255 253 188 65 3 0
85 223 255 245 255 200 51 3
26 108 164 179 255 255 113 15
14 72 58 86 251 254 177 78
19 63 13 28 191 207 214 147

0 28 7 7 1
14 28
12 22 111 145 87 103 150 47 186 211 195 207 205 223
75 90 133 120 51 41 134 39 137 192 31 119 117 162
64 79 92 70 87 98 219 185 72 255 153 131 110 121
0 82 100 37 108 87 91 255 205 217 149 127 164 115
33 99 41 49 128 144 49 142 155 125 86 113 74 94
48 47 43 49 92 130 53 69 28 118 84 132 115 203
14 24 12 6 108 117 29 96 139 255 188 255 175 17
16 3 9 44 158 254 220 192 117 165 30 149 34 104
5 12 14 94 67 80 191 205 134 141 163 237 190 14
8 9 7 135 61 96 207 188 255 182 95 97 98 90
7 15 17 127 43 125 148 185 181 75 206 168 113 66
17 5 19 115 46 230 118 81 115 217 54 196 163 153
3 2 16 104 55 201 23 72 40 125 240 105 57 97
26 16 9 97 103 185 2 50 15 50 163 255 206 198
23 32 30 54 86 108 35 59 24 55 93 34 165 191
1 1 17 25 57 66 60 48 28 46 85 153 141 246
32 34 38 6 119 154 148 130 137 144 130 140 173 227
29 26 51 66 222 255 230 203 166 143 106 90 98 96
54 21 56 84 255 255 163 148 129 114 84 42 43 20
39 51 80 225 255 135 100 38 24 33 64 39 65 53
1 89 44 255 255 97 138 51 30 80 59 34 34 5
17 83 76 255 255 136 79 99 74 86 53 57 11 21
41 28 60 211 255 104 5 34 31 16 19 24 19 26
26 33 72 131 255 117 50 30 23 47 93 82 33 30
59 78 132 171 255 139 88 90 87 111 130 49 11 8
79 68 173 240 255 167 89 107 57 84 98 102 87 99
205 137 144 89 136 255 76 85 24 57 76 101 86 89
189 210 84 101 220 255 255 106 11 31 50 67 19 51

13 6 7 7 1
13 28
137 144 47 85 255 255 130 11 12 0 0 0 0
209 150 96 124 255 255 199 8 14 1 0 0 0
31 58 99 16 214 255 255 221 12 2 1 1 0
48 46 38 49 51 199 255 255 239 2 0 1 0
42 21 26 47 88 114 181 255 255 217 6 4 0
30 30 43 94 26 126 68 119 255 255 97 6 0
22 40 59 88 82 79 249 204 101 255 255 6 0
21 36 55 15 79 95 255 212 221 255 255 138 3
31 35 30 53 57 186 255 108 255 237 255 255 17
34 61 41 37 59 150 255 255 255 80 255 255 123
43 88 85 26 62 50 255 221 196 79 255 255 255
37 57 75 6 53 44 53 34 57 78 199 255 255
12 88 71 10 25 62 108 89 116 12 175 255 255
46 63 17 7 24 8 127 122 226 111 202 255 255
53 38 18 22 48 55 153 165 249 186 211 255 241
255 255 206 106 55 29 197 183 224 161 212 255 246
58 135 140 86 58 115 202 43 162 58 255 255 248
63 169 213 53 179 255 255 255 255 255 255 255 181
172 255 251 93 170 204 255 142 251 37 255 167 35
179 255 255 190 218 255 255 255 255 255 255 165 39
144 255 255 124 87 255 209 255 255 255 255 156 43
149 255 255 107 164 255 126 255 134 255 255 161 49
151 255 255 255 255 255 133 178 175 243 253 201 51
156 125 110 95 134 51 137 255 255 78 255 229 51
177 216 213 198 255 255 236 96 255 188 255 233 50
127 7 2 4 9 103 225 155 255 183 255 199 49
7 2 5 19 73 194 255 145 237 89 255 211 50
62 167 255 255 255 255 255 76 239 83 255 221 45

2 8 7 7 1
8 6
2 2 9 16 103 128 27 55
6 16 19 108 123 28 90 94
11 22 60 109 5 48 55 86
52 76 120 120 94 43 50 100
95 55 110 82 31 34 109 61
104 40 62 63 53 69 74 36

0 44 7 7 0
15 9
17 65 151 157 148 125 151 131 125 114 122 104 93 69 66
44 66 152 98 59 76 67 68 62 55 52 48 41 27 22
37 99 150 98 30 56 79 70 77 73 73 74 72 76 81
39 198 138 48 25 29 51 30 36 67 69 61 65 68 71
36 205 104 14 39 78 80 72 70 66 63 54 49 54 60
24 216 131 9 36 82 46 47 74 82 73 65 66 69 66
19 94 165 112 54 57 42 52 29 45 32 65 51 35 39
16 102 168 112 47 73 57 68 69 84 70 68 72 76 75
23 159 157 77 28 70 45 56 46 69 70 68 69 72 76

10 0 7 7 1
15 7
56 44 44 55 68 69 70 134 73 154 75 67 64 78 131
42 28 25 37 56 55 46 100 88 189 33 32 36 35 50
19 17 17 28 40 27 16 81 126 190 24 19 16 21 18
38 41 49 38 57 46 42 122 181 209 25 15 9 14 18
26 42 23 32 75 87 58 77 172 229 18 17 14 14 10
26 59 64 65 73 52 10 61 255 213 1 5 11 14 19
143 84 96 155 161 47 31 107 255 96 8 11 10 15 23

2 0 7 7 0
10 25
139 171 126 102 59 81 29 19 16 20
150 143 177 96 105 110 5 7 37 120
99 36 94 86 42 61 6 9 71 157
139 159 164 166 144 151 148 159 173 199
86 96 151 162 169 170 186 150 136 210
102 91 97 105 133 141 175 179 79 220
64 46 101 77 90 90 159 86 87 216
80 61 15 55 57 74 103 90 125 208
37 124 44 68 108 125 83 92 109 233
42 25 58 82 139 96 93 103 161 231
85 67 38 61 125 98 104 98 227 241
55 72 59 59 54 63 94 90 193 195
30 26 97 19 28 121 40 119 213 214
67 83 29 22 54 28 31 155 204 198
92 40 28 24 115 44 79 163 189 177
55 28 24 119 24 35 98 205 197 195
23 25 35 156 34 54 205 208 210 206
28 27 151 34 28 167 211 213 215 215
24 41 195 22 22 189 205 211 216 192
24 141 138 21 25 196 211 218 197 60
38 36 29 32 35 23 20 23 16 19
8 10 8 5 10 8 13 13 13 6
255 255 251 235 237 255 254 254 254 255
250 160 96 205 188 241 253 254 251 253
162 89 177 70 90 70 80 92 107 65

18 0 7 7 1
4 26
76 255 255 104
85 237 254 48
27 255 255 48
121 255 219 113
198 255 56 39
162 199 75 58
255 180 22 21
213 153 193 150
98 105 137 66
255 255 255 255
37 66 116 181
14 21 32 83
9 11 13 36
15 14 20 38
148 150 163 179
204 218 239 255
64 78 93 110
16 28 45 67
15 20 34 49
40 92 138 137
137 122 50 233
172 101 209 25
193 42 105 242
46 60 49 67
245 248 113 141
197 154 233 240

7 23 7 7 0
10 6
220 228 231 238 237 238 238 242 239 240
222 229 236 241 239 242 244 241 240 239
230 236 239 241 243 245 246 246 246 244
233 239 242 245 244 244 244 244 244 244
233 239 242 245 244 244 244 244 244 244
229 237 239 240 242 244 246 243 243 242

13 22 7 7 0
4 30
140 138 138 138
136 135 140 140
132 135 136 153
125 131 139 137
124 133 140 140
121 131 137 137
127 131 135 134
127 131 135 134
117 130 132 133
155 149 131 133
162 97 92 94
94 94 75 77
85 97 186 187
47 253 248 242
238 227 54 59
67 58 68 241
254 61 60 51
69 233 59 51
66 61 230 57
59 70 161 248
132 141 60 244
77 207 251 214
134 133 134 141
181 104 188 107
190 56 165 65
60 65 201 83
139 126 127 127
135 131 128 125
113 125 129 128
125 130 135 133

4 12 7 7 0
15 5
49 43 50 82 170 170 179 148 165 107 90 88 102 83 83
38 41 57 129 170 166 177 144 151 110 80 81 87 91 85
47 56 61 173 177 177 176 163 165 104 83 82 88 91 89
54 61 124 167 149 178 171 170 158 103 86 84 88 92 97
59 112 133 145 149 154 135 133 137 98 79 87 89 93 95

0 0 7 7 1
10 25
94 92 39 26 70 227 205 203 93 255
60 71 48 75 74 155 189 155 156 255
124 53 144 104 84 48 59 20 195 255
52 160 192 105 148 37 155 158 212 245
192 236 156 121 174 151 203 178 115 86
148 181 74 84 121 83 166 195 181 208
176 195 9 118 95 57 87 174 144 176
255 217 83 140 41 94 92 35 126 220
255 255 42 86 120 100 63 64 255 255
255 255 40 16 79 31 47 84 255 215
255 255 96 87 47 81 97 90 255 255
233 233 91 100 50 62 27 61 136 178
183 197 117 131 125 30 39 116 11 148
255 207 71 133 152 157 87 57 49 229
255 240 46 66 75 150 140 26 128 255
255 255 56 151 217 186 53 108 216 255
255 255 199 132 136 26 70 159 200 111
52 227 249 235 156 21 57 125 154 74
194 249 231 162 197 62 61 125 133 97
220 255 196 139 198 36 45 132 96 18
135 255 206 177 170 49 59 118 108 46
203 255 184 245 136 58 49 137 156 20
255 255 154 167 33 71 69 157 137 37
255 255 255 113 43 57 70 156 128 47
74 255 255 72 47 76 112 163 97 28

1 12 7 7 1
14 24
0 1 255 255 255 76 73 17 100 128 122 94 152 123
0 35 255 255 63 179 93 100 125 120 38 53 94 78
0 255 255 255 165 186 120 137 184 96 53 48 59 98
23 255 255 78 225 251 100 146 176 173 91 87 73 23
141 255 255 186 255 131 44 119 21 174 147 122 59 59
255 255 200 209 195 42 23 83 132 181 173 81 51 74
255 255 65 253 190 36 95 99 72 111 116 19 71 15
255 255 159 255 116 147 16 72 45 101 107 37 30 13
255 255 193 255 32 177 68 69 50 120 107 87 80 88
255 255 204 255 17 177 68 137 146 202 184 146 112 108
255 255 70 255 231 255 147 149 190 230 162 87 63 58
255 255 255 255 233 255 255 255 255 255 255 255 255 255
80 251 255 255 255 255 229 231 253 231 218 227 232 221
82 198 145 189 150 225 205 203 192 119 87 163 171 138
95 197 63 103 79 140 65 66 221 251 219 180 65 156
106 213 65 96 73 132 63 255 255 109 144 127 12 102
109 217 56 101 83 82 255 255 87 65 145 126 20 103
112 230 66 117 81 89 255 126 15 118 162 106 89 38
113 245 74 120 42 216 226 21 144 255 255 163 96 115
113 255 78 124 134 51 237 255 255 255 219 195 251 175
110 255 67 139 145 227 255 255 255 255 131 74 86 162
110 255 60 176 86 194 255 187 107 99 194 131 255 192
110 255 64 221 118 232 255 255 255 255 255 255 209 255
108 255 69 251 168 137 91 169 255 197 251 106 132 222

2 36 7 7 1
11 10
111 169 255 122 104 201 255 255 255 255 255
52 169 245 211 117 255 184 67 101 165 94
26 98 239 33 105 255 175 179 126 77 219
39 30 232 255 255 220 72 123 255 218 104
55 27 255 255 120 128 160 121 142 36 151
43 24 255 255 255 255 222 197 213 255 255
50 53 110 172 111 171 136 255 255 226 97
60 57 112 255 255 255 187 255 94 255 255
41 33 88 232 171 56 200 255 152 255 198
77 14 52 199 233 164 68 255 255 255 144

2 0 7 7 0
8 10
112 110 105 111 112 78 81 86
111 110 110 105 104 77 82 88
114 116 116 119 106 74 79 78
119 121 118 116 116 69 78 96
63 69 71 74 117 72 74 109
46 48 48 49 52 91 103 159
46 46 46 50 49 65 186 210
46 46 46 45 48 80 201 216
46 46 46 51 46 95 188 218
46 46 46 50 39 140 208 219

0 1 7 7 0
15 31
120 105 154 136 177 106 103 73 78 96 112 113 95 103 112
59 130 103 36 87 99 85 70 74 109 127 121 94 94 113
69 97 138 159 167 166 162 129 103 159 191 198 187 187 185
44 82 86 92 149 159 171 170 186 210 231 234 228 223 229
42 65 104 90 97 102 126 152 201 216 227 226 224 222 227
55 53 63 50 97 78 95 114 188 218 223 223 217 217 220
53 158 77 61 13 48 59 146 208 219 219 214 212 215 216
72 94 37 118 49 65 124 217 225 227 222 217 217 217 217
76 49 43 27 59 87 202 221 228 230 225 220 220 220 220
81 45 87 62 49 25 52 43 33 67 46 39 42 39 36
76 63 57 75 112 43 34 42 95 177 160 170 169 164 158
89 78 28 50 11 28 32 51 95 120 120 135 128 117 94
95 97 76 9 43 33 50 45 59 51 41 49 51 43 26
127 106 18 45 39 47 40 41 36 46 57 58 42 48 29
122 41 33 45 84 45 57 59 59 65 85 75 62 69 42
78 34 53 118 42 55 74 71 77 82 89 78 65 72 53
23 40 53 110 42 79 75 78 83 90 90 81 69 71 53
35 44 141 47 43 85 92 95 99 98 90 77 70 75 73
37 88 139 29 70 45 39 30 67 92 89 69 75 81 25
26 51 68 37 36 42 56 72 78 80 72 68 70 74 31
97 101 116 118 120 120 128 128 126 126 119 107 107 111 105
198 210 228 239 244 249 246 245 246 243 234 215 191 178 171
198 216 229 233 217 130 146 169 235 241 232 216 194 156 144
199 212 229 135 117 239 248 239 227 249 234 225 188 174 100
199 211 226 99 173 239 244 245 134 127 236 145 88 173 105
194 212 227 95 146 248 247 252 100 160 231 188 101 144 94
194 212 223 222 85 203 253 145 150 115 244 121 98 176 92
196 210 227 235 240 243 176 173 247 245 232 169 193 185 172
196 210 227 235 240 234 164 126 217 228 186 162 146 179 175
139 218 224 238 233 240 237 126 240 242 183 155 154 173 158
99 114 119 165 219 247 242 122 248 237 230 209 192 177 174

10 9 7 7 0
9 14
240 238 233 231 233 235 238 235 243
105 89 85 76 87 96 100 101 88
37 150 190 175 158 39 30 29 33
26 109 138 132 167 89 21 12 29
51 122 125 117 55 43 52 15 21
73 120 120 115 67 83 84 11 23
82 99 104 100 79 77 87 19 26
85 88 91 87 80 66 87 26 29
87 96 84 88 84 56 89 42 28
92 92 85 88 85 43 89 52 31
62 48 38 18 32 19 18 20 37
21 18 24 22 25 21 23 23 32
191 181 165 156 162 176 181 189 195
244 234 219 209 209 214 231 241 242

20 0 7 7 1
5 10
71 53 70 185 149
97 74 158 197 86
51 51 255 134 48
24 51 251 56 176
31 83 182 250 31
72 54 61 219 191
85 23 43 155 192
25 37 51 40 24
55 67 34 23 51
34 37 52 53 36

3 3 7 7 0
14 5
23 27 20 26 194 45 68 94 105 125 137 106 93 71
24 20 20 24 21 51 82 100 95 109 108 108 103 97
19 20 21 22 15 60 103 130 147 144 156 149 138 106
21 19 14 23 75 116 169 161 184 183 189 189 196 162
21 19 21 28 71 105 152 192 218 232 231 225 213 186

9 9 7 7 1
9 30
216 205 235 141 160 98 68 58 89
140 194 164 99 115 102 112 67 73
140 168 130 127 129 79 47 8 28
87 83 41 95 124 71 9 24 15
148 152 47 141 109 68 50 31 49
179 47 81 107 86 106 58 17 57
97 128 100 101 34 27 50 55 76
78 76 144 146 94 126 18 29 21
34 130 217 161 39 86 34 54 93
102 134 200 106 20 64 60 44 69
53 81 126 77 76 54 29 24 18
38 124 119 48 47 57 62 50 13
114 170 147 110 107 104 127 82 56
94 145 116 52 28 8 67 70 57
88 100 99 102 106 117 167 150 141
227 240 209 225 246 237 205 183 165
86 171 214 190 162 167 196 185 96
186 191 170 118 20 90 198 225 255
255 110 127 120 25 98 138 102 255
101 79 134 139 47 92 144 95 92
25 119 166 62 102 76 152 161 56
23 161 162 41 51 76 165 187 59
255 255 255 242 255 255 255 255 255
255 255 207 99 175 146 207 255 255
255 199 255 162 255 247 222 131 114
255 255 207 58 192 234 194 185 136
123 230 77 49 73 115 73 76 104
142 255 135 141 220 179 119 81 161
255 255 119 124 53 255 255 148 35
255 255 255 255 255 255 255 226 166

12 18 7 7 0
8 9
32 32 30 28 34 42 48 59
22 27 24 26 24 25 26 25
0 2 5 4 15 15 16 25
68 58 10 79 105 112 54 56
1 0 8 3 21 26 22 17
0 1 2 7 46 63 44 47
64 89 8 91 13 46 33 21
28 13 95 3 43 12 19 40
4 98 8 93 12 30 76 39

0 2 7 7 1
14 18
140 142 157 157 147 154 182 187 155 69 57 49 96 119
29 28 40 51 53 59 106 175 192 182 190 126 4 107
3 2 2 4 4 6 10 74 49 35 47 99 79 45
0 0 0 0 5 8 12 96 78 64 65 119 90 40
0 0 0 0 7 5 34 107 43 82 83 129 79 19
0 0 0 0 7 18 121 115 72 63 130 121 72 25
0 0 0 0 10 76 149 19 168 60 144 128 94 50
0 0 2 7 59 136 27 166 152 69 125 102 83 50
0 0 5 25 145 101 116 164 49 82 100 81 62 27
0 0 21 136 176 39 163 107 26 105 85 63 49 9
3 9 136 247 74 132 165 64 79 119 89 85 69 29
6 73 221 128 113 188 139 5 109 124 104 109 96 57
36 215 231 41 166 184 85 66 113 117 110 112 95 60
107 255 116 134 143 153 16 93 112 116 115 99 76 46
189 242 48 152 161 116 24 82 91 105 116 91 64 34
255 176 104 114 155 86 43 61 86 146 181 164 149 139
255 114 151 109 147 63 36 42 57 139 226 255 255 255
232 143 176 163 191 155 122 91 93 77 45 13 32 38

7 12 7 7 0
15 12
28 53 69 81 97 102 100 96 83 67 62 36 22 14 11
40 65 81 92 109 114 111 102 91 77 71 50 29 19 11
49 72 92 107 124 128 126 116 102 86 77 61 43 22 21
60 77 102 119 134 141 140 128 112 98 84 70 58 31 16
68 85 110 127 139 146 146 139 123 106 92 70 65 41 23
63 84 116 137 146 152 150 143 117 103 91 77 61 62 27
53 49 60 72 79 78 81 75 66 56 58 55 53 49 20
40 28 22 15 14 5 4 8 12 16 30 28 28 27 24
86 82 82 74 66 63 66 66 72 79 85 83 85 87 89
89 178 190 63 143 79 49 2 128 109 74 55 50 107 72
9 21 11 2 4 5 20 4 3 6 11 21 21 24 21
88 85 84 79 73 71 70 69 81 80 155 196 191 205 83

2 9 7 7 0
8 11
44 28 56 6 6 12 50 115
78 54 8 9 15 36 79 122
65 11 14 16 27 64 96 120
8 14 18 28 49 76 95 109
17 17 26 41 65 81 93 100
21 27 40 52 72 80 84 88
31 43 47 68 78 82 84 84
39 66 62 71 80 85 84 84
63 75 65 68 78 85 87 84
55 49 53 59 58 58 55 53
48 35 27 22 28 29 26 26

0 3 7 7 1
6 29
83 164 15 141 175 166
101 171 141 198 193 122
63 119 84 143 178 167
129 123 51 83 159 156
164 47 107 85 55 108
104 141 129 61 79 196
12 75 14 41 63 115
93 44 61 88 79 99
108 62 56 49 103 85
125 136 83 126 56 38
119 156 90 72 45 109
74 115 19 24 31 82
97 57 76 113 140 169
102 57 76 51 117 138
123 55 147 185 154 122
80 231 255 255 210 171
90 130 87 44 25 18
86 104 89 98 107 100
108 92 72 85 120 122
135 150 169 189 205 124
208 221 251 255 255 255
144 165 169 205 255 185
15 42 28 54 107 55
4 42 38 66 62 12
22 51 50 96 98 61
36 41 57 68 67 111
57 36 59 83 228 255
62 60 81 105 236 202
59 78 61 225 255 194

0 1 7 7 0
6 16
115 59 54 198 102 23
104 34 70 211 87 19
100 27 80 187 72 13
91 22 98 166 74 11
70 7 132 151 52 22
57 10 182 158 33 22
48 30 209 134 15 22
23 81 210 92 8 18
11 132 184 51 19 18
7 169 168 25 31 23
2 186 159 14 19 23
7 182 104 12 19 17
3 156 89 12 22 51
5 121 74 24 16 173
16 87 104 50 31 164
23 77 106 80 23 164

24 0 5 7 0
4 17
105 104 104 104
103 103 103 103
108 106 106 106
112 112 111 110
127 130 133 136
139 141 141 141
147 144 145 146
128 133 139 145
97 111 121 122
47 45 54 68
46 46 46 46
46 46 46 46
46 46 46 46
46 46 46 46
46 46 46 46
45 47 46 45
46 48 46 44

17 2 6 7 1
10 22
168 98 5 1 0 0 0 0 0 0
255 115 5 1 1 0 0 0 0 0
255 120 4 1 2 0 0 0 0 0
255 196 38 1 2 0 0 0 0 0
126 255 170 35 1 0 0 0 0 0
157 47 233 142 10 0 0 0 0 0
239 222 255 255 140 2 0 0 0 0
240 222 221 255 255 98 0 0 0 0
140 87 68 164 255 250 18 0 0 0
201 118 98 69 255 255 155 0 0 0
131 58 38 107 66 255 255 24 0 0
128 82 23 92 79 206 255 119 0 0
90 87 44 71 44 96 255 220 1 1
62 83 79 84 20 18 255 255 21 0
39 77 97 111 66 52 185 255 89 1
9 53 71 79 70 70 90 255 148 0
92 97 98 57 70 92 112 255 165 0
177 73 88 92 144 125 144 255 183 0
140 93 79 123 127 54 125 255 181 2
77 112 120 120 40 19 217 255 171 5
69 27 35 80 77 47 255 255 79 4
91 66 59 73 72 56 255 255 3 3

12 30 7 6 1
14 29
91 106 93 35 7 83 121 116 209 187 219 255 255 1
87 89 62 122 100 124 148 38 186 255 149 255 255 0
39 57 67 111 101 67 67 106 121 190 63 255 255 1
88 70 76 120 145 95 131 110 58 127 54 255 255 1
69 54 150 71 47 81 62 52 143 185 92 255 255 1
140 63 132 98 44 114 114 100 90 224 119 255 255 1
122 90 57 135 79 46 134 59 154 223 79 255 255 1
47 91 92 167 39 164 7 186 29 110 50 255 255 0
22 31 151 152 112 110 89 98 102 96 34 255 255 0
35 13 153 176 102 193 103 54 108 121 13 255 255 1
155 132 166 102 178 131 115 83 92 95 19 255 255 1
91 143 73 77 167 146 162 100 73 102 36 255 255 1
86 102 32 172 255 102 33 50 69 110 46 255 255 1
76 48 194 255 126 104 139 92 39 58 76 255 255 2
46 55 91 147 175 45 80 59 42 38 134 255 230 5
106 171 217 213 218 196 215 174 111 55 59 255 255 73
28 33 48 58 69 33 36 70 71 33 8 177 255 121
56 16 69 48 37 33 28 63 60 37 24 153 255 123
81 32 85 128 127 98 78 79 64 36 19 130 255 156
43 4 16 7 6 18 72 100 43 42 33 115 255 179
31 67 55 57 58 32 55 66 29 53 61 85 255 180
59 87 71 79 83 73 56 56 35 101 70 164 255 159
80 71 71 86 84 98 31 62 86 104 17 255 255 103
127 98 95 112 117 177 88 78 108 82 19 255 255 30
75 91 92 87 95 167 154 80 86 66 19 255 245 2
30 18 63 56 58 77 53 47 114 115 132 255 241 1
29 47 61 34 75 141 63 75 125 66 255 255 114 0
34 71 29 138 255 228 90 95 87 145 255 255 3 1
53 43 92 255 255 255 255 255 255 255 255 148 0 0

8 0 7 7 1
8 8
255 255 255 255 255 255 255 255
103 10 8 11 5 8 17 22
93 6 4 7 5 9 16 25
102 16 14 15 18 16 17 32
183 203 144 102 105 112 121 149
229 255 189 101 108 153 175 191
161 174 167 95 102 113 86 98
255 255 197 104 125 164 154 159

24 2 5 7 1
4 22
202 200 255 33
216 181 93 73
7 31 83 60
60 59 47 26
8 54 87 84
39 40 22 51
78 113 93 53
27 33 54 98
68 58 48 20
23 4 49 55
53 43 14 45
157 74 86 38
255 113 83 65
255 183 115 119
178 222 160 240
59 162 129 185
34 175 255 255
61 255 255 255
46 255 255 95
70 255 255 255
78 179 255 255
99 12 255 255

19 6 7 7 1
7 25
107 189 200 203 188 156 122
203 59 111 148 178 192 198
255 206 10 23 58 99 129
255 255 164 3 6 5 4
191 255 255 81 5 7 0
67 255 255 240 23 5 0
52 123 255 255 149 6 4
92 110 143 255 255 11 8
50 98 51 255 255 135 12
32 43 25 136 255 255 14
191 148 107 56 255 255 11
255 255 255 255 255 255 9
164 186 211 241 245 131 11
86 56 45 25 29 17 24
159 161 38 13 27 21 11
117 255 95 29 41 34 1
129 154 112 21 44 53 5
149 130 120 13 76 156 238
255 28 14 32 177 255 255
255 209 199 176 209 235 42
255 255 239 146 55 213 15
30 255 124 202 111 211 14
255 255 255 255 197 204 30
255 235 255 119 236 202 43
195 208 255 164 255 172 59

0 0 7 7 0
7 18
112 109 72 170 99 99 80
152 143 132 89 131 62 54
120 107 128 124 128 111 60
76 125 89 97 164 124 164
102 139 86 103 191 58 85
85 162 121 55 83 79 33
148 125 65 58 92 125 145
134 67 54 47 93 89 102
88 66 50 40 79 94 92
155 50 43 54 46 67 47
105 46 52 36 213 63 104
110 62 61 68 94 54 70
223 71 98 63 58 43 25
255 99 52 92 53 62 47
255 115 98 137 38 81 61
133 102 69 84 73 79 59
194 88 120 99 74 23 106
187 130 146 95 99 88 152

7 29 7 6 1
14 30
182 255 194 111 161 158 19 10 62 56 198 255 255 136
168 166 155 230 118 116 128 166 101 186 113 127 165 187
108 62 203 54 118 115 255 236 255 255 179 197 212 205
147 218 187 255 155 238 193 122 255 91 255 177 245 151
68 245 255 255 216 255 255 162 255 205 255 154 255 255
255 254 255 183 182 231 85 255 81 255 255 115 159 129
255 171 255 60 255 178 49 234 111 64 41 142 136 75
128 255 133 255 163 160 255 255 96 52 53 70 31 46
166 255 64 255 255 255 110 18 22 53 66 49 48 78
196 246 187 238 118 121 109 11 74 10 27 61 158 136
164 69 35 138 156 48 89 54 31 155 135 180 93 210
153 82 105 133 36 48 80 124 122 214 161 255 255 165
34 37 44 55 17 56 135 196 255 255 55 143 255 199
32 20 33 41 23 62 103 230 255 170 59 83 72 108
49 8 27 25 26 86 97 51 52 102 180 209 165 155
163 122 141 126 123 191 248 255 255 255 255 253 189 166
92 77 103 111 112 137 138 159 147 133 64 11 74 117
180 171 134 127 127 123 123 134 144 154 154 160 191 227
159 179 194 240 234 221 220 228 221 201 181 135 152 141
74 59 167 176 145 152 141 137 122 126 153 126 118 61
52 111 144 47 13 25 44 34 20 27 73 67 15 41
28 76 67 48 30 42 26 35 37 44 29 37 24 41
17 49 100 88 23 34 33 24 27 26 37 53 29 70
36 19 47 76 15 8 8 13 26 25 12 30 21 80
58 72 59 46 22 33 37 24 22 24 21 39 30 96
41 130 46 39 25 25 16 17 17 32 74 44 14 97
68 97 50 39 28 53 67 89 65 58 102 99 75 107
228 255 211 81 178 156 201 236 207 158 205 255 255 173
113 222 255 193 255 165 80 95 207 224 255 255 188 123
35 27 205 118 64 255 255 255 69 173 255 64 80 216

12 50 7 7 0
11 4
130 165 140 150 89 82 82 85 146 86 26
92 75 76 76 109 79 68 72 90 67 38
89 82 81 80 135 81 81 110 82 131 79
88 88 73 85 81 84 81 80 72 181 105

0 3 7 7 0
10 9
255 255 255 255 255 255 255 255 255 100
255 255 255 255 255 255 255 255 255 131
255 255 255 255 255 255 255 255 247 110
255 255 255 255 255 255 255 255 219 133
255 255 255 255 255 255 255 255 254 228
255 255 255 255 255 255 255 255 255 218
255 255 255 255 255 255 254 254 144 96
255 255 255 255 255 254 254 170 98 97
255 255 255 254 255 255 185 102 127 121

12 0 7 7 1
8 17
0 0 0 0 1 1 1 0
255 255 255 255 255 255 229 77
255 255 255 255 255 255 255 202
5 7 8 6 7 116 255 255
47 48 43 23 12 53 255 255
98 81 101 53 8 49 255 255
77 40 100 98 37 37 255 255
99 76 59 65 56 10 255 255
51 60 47 54 71 132 255 255
30 18 20 23 56 255 255 159
26 6 12 14 52 240 255 248
119 81 96 90 66 62 255 255
76 119 126 98 89 84 159 158
79 135 108 118 89 68 84 74
134 126 103 142 79 51 35 49
166 69 79 100 73 53 70 46
75 102 124 26 56 101 86 37

10 51 7 5 1
15 9
16 21 5 3 19 23 8 50 44 37 33 12 41 82 54
28 2 15 12 23 12 6 48 31 15 4 22 67 87 55
28 37 16 26 37 36 33 73 106 63 48 46 78 99 13
41 50 31 20 15 41 64 80 106 99 58 42 48 60 173
55 68 46 25 34 13 30 48 40 72 32 18 28 99 242
8 38 71 53 78 77 66 110 29 50 66 23 63 101 211
11 17 40 33 43 138 8 158 47 34 43 26 72 149 255
13 145 255 255 255 112 73 153 44 49 26 86 220 255 255
255 255 255 255 255 255 215 180 129 208 255 255 255 255 112

0 43 7 7 1
12 15
0 17 255 255 88 23 6 18 35 37 114 156
0 8 255 255 255 255 255 255 211 108 155 192
0 11 219 255 101 93 105 118 142 128 182 255
0 19 255 255 255 255 255 255 255 175 149 158
0 21 255 255 188 126 63 81 27 34 44 74
0 55 255 255 186 132 106 92 28 74 82 92
1 145 255 255 133 70 69 107 20 19 9 56
1 220 255 255 125 44 69 95 28 21 4 59
1 221 255 210 162 108 109 89 37 30 40 45
0 220 255 255 159 86 74 57 30 17 1 1
1 177 255 255 139 158 45 31 18 22 61 113
1 114 255 255 39 194 100 20 21 14 56 121
1 49 255 255 79 143 197 54 6 8 68 135
0 12 255 255 72 57 163 106 99 99 222 170
0 1 255 255 248 91 88 69 113 55 91 106

1 4 7 7 1
9 21
0 0 0 0 0 15 208 255 255
0 0 0 0 0 15 194 255 180
0 0 0 0 0 15 139 255 255
0 0 0 0 0 36 230 255 255
0 0 0 0 51 255 255 255 43
0 0 0 35 255 255 255 184 255
1 1 21 225 255 255 241 127 245
2 3 142 255 255 255 64 147 203
2 85 255 255 255 75 53 175 138
10 237 255 255 114 69 72 132 91
109 255 255 251 17 77 112 55 150
243 255 255 104 100 67 54 90 81
255 255 159 101 105 62 63 82 47
255 255 67 64 77 138 74 89 46
255 255 60 69 69 154 52 25 75
255 215 92 114 90 197 47 38 59
255 227 114 147 185 178 42 63 90
255 255 130 68 94 59 23 52 125
255 255 176 61 43 45 45 56 51
255 255 255 255 255 255 255 255 248
219 204 143 120 74 35 127 77 76

17 6 7 7 1
9 12
211 255 204 18 10 0 0 0 0
255 255 104 15 9 1 0 0 0
255 255 255 67 9 4 2 2 1
96 255 255 255 148 3 2 3 2
141 68 239 255 255 162 3 2 2
120 127 163 56 255 255 139 3 3
76 134 205 218 72 255 255 117 2
54 104 184 62 240 175 255 255 107
68 110 255 169 255 43 215 255 255
43 70 204 158 123 66 27 255 255
19 13 34 52 82 116 74 136 255
37 16 9 19 36 93 78 93 255

14 11 6 7 1
13 25
61 60 23 56 81 98 33 208 235 54 3 4 0
61 60 61 33 75 90 169 36 255 197 42 4 0
56 73 72 62 83 86 88 128 129 255 143 36 1
14 23 43 50 87 148 111 77 78 105 211 146 11
14 4 29 41 66 110 96 43 71 42 144 228 44
17 13 21 46 28 35 63 102 91 126 91 255 108
6 10 19 27 5 5 25 82 91 117 75 255 187
26 5 32 5 2 4 9 34 37 51 24 210 241
30 8 34 8 3 1 5 17 13 23 14 136 243
36 27 37 11 9 13 19 32 14 18 14 80 214
26 34 35 17 12 17 22 38 35 4 20 79 191
109 117 107 52 16 57 76 57 30 9 19 135 239
22 24 48 54 18 62 21 35 8 28 56 199 222
227 233 219 190 144 193 187 156 132 134 157 255 186
98 121 185 255 251 244 230 213 172 187 208 255 239
255 185 195 181 113 72 136 172 170 185 158 255 246
171 152 129 137 177 255 255 255 219 222 172 255 200
225 206 239 255 208 100 185 125 49 77 17 244 166
97 73 157 185 232 150 232 239 129 86 21 233 168
204 55 179 255 126 255 254 255 220 143 30 227 169
255 255 223 255 202 182 72 255 128 143 43 235 168
63 230 255 255 215 218 97 255 45 184 38 238 169
62 255 255 126 232 255 123 255 130 186 29 232 167
65 255 255 206 255 176 89 225 117 185 31 230 164
255 255 149 197 255 124 62 196 152 135 19 230 164

0 15 7 7 1
10 30
5 13 156 255 97 37 31 49 8 44
5 73 241 191 16 27 39 49 7 20
3 157 255 93 26 24 65 39 28 24
18 204 211 27 31 39 55 17 23 24
46 217 158 10 11 29 19 22 25 17
74 204 111 9 21 16 6 23 3 10
82 182 92 7 23 16 4 19 22 25
82 224 157 23 16 7 12 10 10 6
32 182 213 73 34 5 26 32 32 26
7 128 255 197 157 123 165 144 133 126
3 153 255 210 156 123 163 147 163 187
7 157 255 208 172 139 164 88 121 152
3 126 255 172 130 101 171 198 171 149
5 121 249 84 48 46 113 185 241 255
8 119 238 70 100 69 80 29 32 76
8 116 235 66 73 37 98 119 117 25
6 114 224 73 80 51 94 179 175 196
8 117 236 91 35 56 151 255 255 233
7 122 239 82 29 81 41 255 83 255
6 126 235 126 35 196 245 255 138 82
6 130 227 152 103 211 61 255 196 255
5 131 228 169 31 255 125 197 255 255
7 126 216 100 165 201 19 58 255 74
9 124 233 78 119 155 26 39 249 65
8 123 239 92 120 195 50 65 255 255
4 121 246 89 84 186 241 239 255 255
2 127 253 86 87 63 64 42 96 45
7 144 255 141 37 119 145 191 213 119
5 155 255 153 122 55 65 115 164 152
4 151 255 131 91 75 119 150 142 69

8 8 7 7 1
12 30
100 131 71 19 40 41 48 58 65 159 255 140
133 165 142 71 70 78 43 66 66 12 201 255
117 52 132 22 79 120 82 89 69 107 58 94
100 114 89 79 71 22 61 60 23 56 81 98
16 11 36 26 76 82 61 60 61 33 75 90
21 21 31 11 15 56 56 73 72 62 83 86
12 24 5 15 14 13 14 23 43 50 87 148
22 10 18 11 10 14 14 4 29 41 66 110
25 33 14 9 7 5 17 13 21 46 28 35
44 55 18 20 12 14 6 10 19 27 5 5
37 26 36 24 35 18 26 5 32 5 2 4
8 14 24 28 25 4 30 8 34 8 3 1
24 14 6 2 2 7 36 27 37 11 9 13
25 11 13 16 19 17 26 34 35 17 12 17
1 4 4 24 64 99 109 117 107 52 16 57
16 18 19 27 36 39 22 24 48 54 18 62
123 111 123 150 176 211 227 233 219 190 144 193
187 161 64 41 34 22 98 121 185 255 251 244
193 255 233 207 212 209 255 185 195 181 113 72
48 68 103 22 46 67 171 152 129 137 177 255
255 255 248 195 233 249 225 206 239 255 208 100
138 116 46 83 151 62 97 73 157 185 232 150
45 13 159 235 255 169 204 55 179 255 126 255
85 239 156 108 142 204 255 255 223 255 202 182
107 255 255 255 98 52 63 230 255 255 215 218
255 255 101 203 255 255 62 255 255 126 232 255
189 255 255 230 219 255 65 255 255 206 255 176
255 255 69 248 255 168 255 255 149 197 255 124
255 74 67 255 255 196 220 166 145 255 255 237
255 31 139 252 246 158 255 245 255 255 255 161

0 6 7 7 1
4 7
0 0 2 2
0 0 2 2
2 2 2 2
3 2 2 13
3 2 3 216
8 6 134 255
12 35 255 255

10 0 7 7 1
14 12
90 245 160 242 71 60 83 68 145 255 255 0 0 0
93 139 127 209 146 77 65 118 84 255 255 0 0 0
54 178 255 255 255 60 42 79 140 255 255 0 0 0
255 255 255 255 255 255 255 97 42 255 255 0 0 0
255 185 106 133 168 255 236 78 255 255 255 0 0 0
212 88 57 101 159 255 224 53 255 255 216 0 0 0
255 201 179 223 255 255 255 255 255 255 5 0 0 0
185 83 61 70 115 224 255 255 255 255 2 0 0 0
30 24 17 13 22 45 101 200 91 202 202 197 76 0
66 55 40 40 40 40 85 123 51 80 105 231 223 173
23 15 12 13 12 10 43 132 149 169 168 68 77 210
32 23 18 19 18 19 19 30 41 55 81 120 143 51

0 8 7 7 1
5 22
0 0 73 205 255
0 109 255 255 250
89 255 255 148 59
236 255 158 77 104
255 255 50 92 70
255 191 84 68 50
255 255 241 255 255
255 255 208 247 248
255 235 14 38 36
255 220 20 43 38
255 228 28 63 55
255 239 29 76 121
255 255 31 115 116
255 255 229 235 225
255 255 193 240 255
255 175 54 86 159
255 168 58 77 102
255 160 56 113 164
255 151 37 101 136
255 141 38 57 26
255 128 72 167 132
255 117 127 122 197

9 9 7 7 0
7 4
166 208 217 203 217 212 207
199 216 218 224 221 221 223
210 211 218 223 228 223 219
210 219 231 234 225 225 223

1 7 7 7 1
11 30
0 0 0 2 162 255 255 50 135 121 76
0 0 2 129 255 255 255 55 141 123 82
0 1 193 255 255 255 165 70 119 96 72
0 141 255 255 255 211 48 81 100 77 55
6 255 255 236 151 106 32 105 92 55 38
99 255 255 190 171 53 76 118 93 78 68
255 255 255 210 143 10 110 116 93 102 93
255 202 117 203 89 69 121 115 115 125 101
255 184 107 182 26 90 114 113 121 111 79
205 156 183 128 31 93 98 96 106 89 51
121 128 162 101 50 56 88 150 191 177 153
151 113 153 69 40 37 57 136 229 255 255
171 154 180 147 125 94 114 96 56 26 16
212 159 104 18 56 49 202 255 255 245 237
226 255 166 118 97 141 255 255 255 167 145
239 162 170 255 245 252 98 255 255 111 94
188 147 236 255 255 255 123 145 155 154 142
118 218 134 68 197 167 169 176 160 255 255
69 48 184 109 117 163 164 165 255 212 247
118 75 61 49 185 145 165 159 208 81 255
163 121 29 182 255 255 146 162 214 157 176
96 227 69 123 51 133 109 159 167 97 99
93 255 34 6 170 86 162 66 9 190 184
181 255 166 139 172 90 253 255 255 255 159
69 255 255 255 255 255 255 255 255 255 255
225 246 255 171 30 11 9 10 14 9 21
255 255 255 255 255 255 255 255 255 255 255
228 132 103 85 56 48 32 8 13 20 25
190 95 48 42 49 104 137 144 141 124 114
198 145 114 79 98 119 130 147 165 142 154

0 38 7 7 0
8 6
83 69 95 96 146 156 253 63
107 61 68 113 110 128 58 249
57 75 134 64 81 144 58 65
98 97 63 55 83 73 106 94
112 60 53 58 81 186 244 242
111 61 42 61 67 142 191 95

14 4 7 7 1
10 6
58 136 59 173 64 0 0 0 0 0
26 99 99 56 120 38 0 0 0 0
38 45 94 82 55 68 0 0 0 0
17 16 22 68 13 84 44 1 0 0
129 114 126 108 61 72 109 55 1 0
126 110 114 107 110 59 120 198 85 0

18 53 7 7 0
8 4
232 230 230 227 223 215 251 255
227 229 224 226 219 201 254 254
227 217 221 217 209 218 255 254
234 206 214 212 190 255 254 255

16 7 6 7 1
11 21
83 206 170 50 103 68 52 49 48 50 42
30 80 228 160 9 63 78 47 39 37 36
64 73 61 156 197 112 54 68 41 39 44
48 53 65 58 89 241 101 65 67 51 54
21 26 61 100 78 145 255 100 53 54 46
37 8 87 43 160 63 217 255 74 69 47
23 54 84 101 137 185 15 255 255 53 46
12 56 110 110 48 205 187 54 255 223 32
29 57 94 58 31 92 215 124 191 255 63
7 23 14 96 112 40 109 134 91 255 198
40 59 16 26 104 65 83 156 64 246 255
45 61 50 12 46 81 34 168 104 139 255
43 4 23 57 61 106 69 136 105 93 255
43 11 72 82 84 149 105 169 152 36 255
84 74 83 92 95 160 117 224 182 120 255
126 139 120 107 109 107 46 148 201 255 255
198 167 144 178 235 254 255 255 255 255 255
48 38 55 79 90 54 76 24 53 61 115
247 193 67 76 103 77 94 125 149 131 128
183 255 255 106 87 98 79 77 49 31 49
75 122 255 210 191 208 188 213 200 186 199

0 18 7 7 0
8 27
103 117 152 32 58 105 100 102
105 125 131 31 87 176 99 104
113 128 102 61 133 161 135 99
117 135 96 33 154 181 130 103
117 132 105 26 21 33 51 55
119 127 154 53 26 119 138 63
123 129 150 124 231 240 244 184
124 130 152 86 37 139 131 225
125 132 153 98 126 139 114 185
128 133 156 37 137 199 105 69
128 132 152 70 125 247 197 218
129 136 155 53 156 209 237 152
125 131 150 64 46 208 246 146
130 135 153 91 127 230 187 146
128 135 152 71 125 187 227 212
127 131 151 40 33 164 232 232
127 131 153 39 32 102 145 148
126 130 151 109 87 169 121 149
126 129 157 49 124 223 218 145
123 128 146 98 177 237 217 129
123 131 156 80 114 185 97 133
122 128 144 62 32 107 85 200
124 127 148 43 28 113 157 149
124 123 140 45 32 182 217 196
122 124 147 50 81 153 170 136
127 121 142 45 94 153 73 35
128 128 152 115 214 225 229 215

