80 48
89

47 16 7 7 1
24 4
77 66 56 40 24 39 81 145 225 255 255 255 255 255 175 107 61 25 8 5 5 36 216 255
252 232 224 210 181 221 255 255 255 255 255 217 148 78 35 17 7 2 5 8 25 104 255 255
252 255 255 255 255 255 255 255 241 163 99 58 29 9 11 8 2 3 5 36 113 255 255 255
97 108 135 157 155 174 169 128 67 30 23 15 3 3 5 11 6 7 67 177 255 255 255 214

52 28 7 5 1
7 16
14 120 101 74 205 255 255
93 183 255 118 21 91 239
144 149 255 255 255 255 255
79 46 136 215 198 206 132
15 13 20 45 44 49 17
16 20 18 16 11 32 139
1 5 19 47 101 209 255
74 90 121 175 247 255 255
140 155 191 241 255 248 169
129 153 192 211 182 124 64
130 160 180 154 95 49 25
165 159 131 76 30 21 23
114 87 57 27 25 28 29
39 22 10 8 14 20 17
13 5 1 4 6 6 6
18 9 2 4 4 4 4

55 21 7 7 1
11 14
138 156 128 39 3 5 3 9 25 164 255
67 52 39 12 9 8 6 37 180 255 255
35 19 21 17 17 7 56 189 255 255 207
29 12 6 4 8 69 229 255 255 191 47
12 13 3 7 87 253 255 255 172 46 8
9 10 8 99 255 255 255 166 29 10 5
15 16 108 255 255 255 151 37 27 13 2
90 159 255 255 255 135 21 7 19 11 2
255 255 255 255 123 16 11 8 17 10 4
219 224 163 73 39 24 10 10 15 4 5
52 81 82 63 52 37 26 22 23 7 6
65 81 86 78 66 56 43 27 23 15 17
36 59 76 76 68 61 51 36 26 22 18
11 29 52 63 62 60 54 44 40 37 33

36 19 7 7 0
20 18
51 38 31 67 88 84 128 149 154 154 152 156 163 167 158 145 144 152 157 159
73 86 72 72 82 75 106 148 153 147 147 153 161 165 164 147 140 153 148 153
143 230 184 121 91 72 96 140 148 147 149 153 160 163 163 150 138 141 139 151
120 218 193 126 79 63 87 125 144 146 142 140 144 149 149 146 135 126 133 141
59 126 171 140 71 55 81 96 109 114 113 114 123 118 114 121 116 106 118 128
133 186 217 179 82 44 55 59 66 66 64 64 68 70 68 71 71 66 71 79
185 178 171 150 108 94 103 103 100 101 101 100 95 88 80 73 70 68 61 64
154 151 141 143 145 148 151 163 178 180 168 138 113 106 109 103 97 101 101 93
251 244 249 250 246 244 249 249 240 243 241 196 142 129 141 141 121 103 94 103
249 251 253 249 253 251 234 206 187 187 172 138 114 119 130 122 96 75 71 70
240 247 245 241 227 203 177 161 168 176 161 150 134 100 81 64 49 39 36 41
247 249 246 251 231 204 198 196 180 158 135 117 98 65 40 27 26 25 25 33
231 239 239 241 240 233 222 209 181 161 137 89 86 93 69 43 30 24 28 25
192 227 239 239 241 234 231 233 226 217 193 156 135 140 115 62 34 34 28 22
86 147 191 204 211 202 195 195 187 178 175 165 155 153 129 86 62 61 58 52
34 48 78 99 114 119 122 131 131 123 122 120 113 105 101 100 103 108 105 102
85 79 83 93 97 102 108 109 112 121 122 124 127 128 132 140 143 138 135 136
138 136 138 140 141 147 148 145 155 163 155 151 153 155 156 159 153 144 148 135

34 17 7 7 1
12 16
21 42 63 189 232 97 51 150 135 35 9 9
20 42 31 21 160 151 53 124 154 68 23 20
36 4 53 105 99 94 52 115 175 88 25 29
29 132 255 255 255 140 37 73 182 114 19 18
30 169 255 255 255 255 97 44 172 141 38 11
12 193 255 255 195 213 149 50 162 168 111 71
197 170 246 204 70 255 204 34 154 183 183 160
255 255 255 248 45 245 255 93 85 37 27 24
86 89 46 84 147 171 218 199 224 224 231 227
102 115 137 159 180 237 255 255 255 255 255 255
193 197 197 210 216 217 215 202 166 108 41 25
30 15 18 10 9 31 64 129 200 216 164 161
204 69 30 13 13 38 105 152 133 73 40 88
255 255 102 21 10 27 98 126 125 120 84 91
255 255 255 84 33 16 53 91 95 129 169 194
250 255 255 255 154 88 73 86 66 54 56 100

26 17 7 7 0
12 20
171 80 77 64 40 40 47 53 58 55 28 68
131 84 82 65 53 37 34 53 42 46 36 32
38 58 79 115 115 61 49 69 38 33 39 27
56 38 71 131 113 52 43 51 41 33 35 18
70 67 34 55 67 58 66 62 71 80 76 61
68 77 23 26 48 72 159 214 222 224 207 174
38 51 34 47 68 85 171 231 231 232 220 203
95 132 137 138 139 142 173 191 193 189 165 156
124 172 205 228 229 232 232 230 234 218 169 149
71 91 115 128 131 138 148 163 169 160 131 124
158 198 214 224 236 231 223 230 221 217 211 212
163 204 226 236 245 253 253 254 250 249 246 247
109 95 110 119 146 204 237 244 249 251 240 231
115 58 44 34 60 124 193 232 242 241 234 225
119 69 35 30 33 45 117 205 243 240 236 240
92 64 37 33 34 21 55 147 230 245 239 244
152 101 50 25 29 27 29 81 176 227 227 225
120 98 67 45 46 47 39 42 80 131 150 163
64 69 63 58 64 64 56 49 46 53 71 90
33 39 40 39 48 61 72 84 97 101 106 102

22 21 7 7 1
30 15
192 159 46 24 26 51 88 57 22 30 22 21 6 18 42 7 57 142 175 68 3 10 23 12 3 17 13 10 15 8
118 160 121 84 64 87 73 26 25 44 32 13 5 10 43 21 42 116 180 87 13 1 21 16 6 14 13 11 19 16
201 156 59 29 28 55 26 9 30 38 11 17 4 11 44 30 41 106 168 89 20 11 23 16 6 21 17 8 12 20
79 98 110 103 91 80 90 100 113 92 55 57 65 70 88 93 68 159 181 73 21 16 16 2 13 21 19 8 19 28
50 34 40 36 43 60 97 109 117 90 96 192 255 255 255 255 207 222 180 66 13 24 23 32 43 50 72 99 127 144
80 31 66 64 28 45 54 79 72 51 63 255 255 255 255 255 241 41 80 96 109 108 95 128 166 186 208 221 221 211
36 46 91 53 23 22 3 27 41 67 179 255 255 107 148 255 255 198 183 206 193 172 86 146 190 190 174 141 121 108
61 104 88 40 38 56 64 65 79 50 82 255 255 255 255 255 255 173 105 92 118 161 103 157 138 79 38 19 17 20
158 97 27 55 83 86 71 59 77 63 13 108 255 255 255 255 206 69 18 8 26 91 99 142 82 16 8 13 19 13
153 99 25 59 47 36 92 122 115 79 48 41 46 101 147 90 41 15 27 30 27 14 23 41 14 25 14 20 3 26
193 76 86 158 123 109 57 40 33 54 63 51 18 56 41 11 17 5 34 28 14 14 33 35 11 17 11 10 46 64
128 19 79 94 87 104 58 39 19 20 61 64 30 53 45 10 10 2 28 30 23 36 42 19 22 43 58 83 110 126
37 34 92 121 128 102 54 24 20 5 33 50 34 30 31 9 5 7 15 20 17 30 50 82 114 136 158 180 193 192
38 12 25 29 29 20 11 4 16 16 24 27 34 49 80 98 107 111 125 135 133 139 155 172 173 167 166 161 146 117
96 37 5 4 0 2 6 6 3 10 21 34 64 104 129 145 159 163 167 167 152 136 126 116 96 78 65 47 25 16

0 19 7 7 1
28 10
0 26 65 175 107 53 166 121 28 6 2 9 14 21 50 108 230 255 255 255 57 6 10 77 255 255 255 144
9 27 32 154 125 23 164 158 53 14 10 14 15 23 64 177 255 255 255 66 9 4 5 30 189 255 234 100
14 19 9 133 149 19 137 187 95 11 7 13 29 61 104 193 255 255 96 13 10 10 8 115 255 255 255 148
19 7 7 100 166 48 98 195 159 48 6 22 46 90 128 144 255 255 243 48 16 4 91 255 255 255 206 116
20 4 10 68 173 93 40 159 201 114 30 30 30 71 97 89 158 255 255 255 129 95 253 255 255 142 107 55
17 10 10 47 171 133 12 91 194 181 73 27 28 49 94 75 41 196 255 255 255 255 255 255 123 98 129 105
15 8 9 22 149 170 57 20 123 215 154 35 30 65 95 45 77 94 231 255 255 255 255 188 112 114 59 26
17 6 10 8 104 179 90 17 31 150 182 75 32 78 62 30 79 45 54 110 132 84 33 22 98 90 44 40
16 8 13 16 67 167 110 25 6 75 160 108 137 255 159 118 48 61 47 48 51 18 55 68 92 25 79 93
12 5 4 12 39 161 135 36 6 40 137 126 132 204 124 156 23 28 43 109 99 80 130 151 103 79 55 35

51 0 7 7 1
19 10
8 8 8 8 10 14 15 11 3 2 5 5 3 6 7 4 9 7 14
10 8 8 8 13 15 17 18 13 10 7 5 4 7 9 9 10 9 23
50 46 41 25 3 12 3 10 16 12 9 12 13 12 11 9 12 13 32
185 184 178 157 118 70 22 5 13 16 12 9 11 12 12 9 14 13 38
145 152 174 194 214 214 161 85 37 16 7 6 7 8 5 4 11 15 56
29 34 59 82 122 184 230 221 152 70 22 15 16 6 7 0 14 21 80
52 53 55 56 61 90 148 220 253 200 102 36 19 14 8 11 16 26 111
37 37 32 38 36 37 57 103 192 255 227 124 42 24 17 12 10 30 145
4 5 4 4 5 4 13 23 69 167 250 243 139 50 25 18 13 45 182
8 9 7 4 4 4 5 9 13 56 142 251 251 124 35 13 10 64 212

35 0 7 7 1
36 19
7 5 10 1 3 6 3 2 0 2 4 4 2 0 0 0 0 0 0 2 3 4 5 3 3 5 2 2 2 4 2 0 0 2 4 2
15 6 11 1 4 6 5 2 0 2 4 4 2 0 0 0 0 0 0 1 2 5 5 2 2 4 3 2 3 4 2 0 0 2 3 0
20 6 12 2 5 5 6 2 0 2 4 4 2 0 0 0 0 0 0 0 2 3 3 2 3 3 2 2 4 4 2 0 0 3 6 4
26 12 8 7 9 7 7 5 3 4 6 5 1 4 4 4 5 6 6 6 6 5 5 4 2 2 1 1 4 9 9 9 9 5 5 4
36 16 6 9 7 11 9 7 4 7 8 4 2 4 2 3 5 6 6 8 7 5 6 6 4 2 1 2 10 11 11 8 12 18 7 5
45 9 18 14 3 9 10 9 3 10 7 1 3 5 4 5 5 5 4 4 4 3 4 4 4 4 3 5 11 8 17 14 16 8 18 8
48 6 16 17 5 9 7 10 3 10 6 0 1 2 2 3 2 2 3 1 3 4 4 4 4 4 8 13 21 13 9 8 14 10 7 7
49 12 14 15 6 6 4 11 3 9 5 1 3 4 5 7 6 5 5 4 3 4 4 5 5 4 6 6 4 12 6 16 12 3 5 2
64 26 13 17 10 6 3 11 4 8 4 2 5 5 5 6 4 4 5 4 4 4 4 5 5 4 1 8 13 5 13 12 8 4 3 4
85 41 6 19 12 11 6 11 3 6 3 2 4 3 3 4 3 4 4 1 3 4 4 4 4 4 6 5 14 36 38 23 8 12 8 6
99 50 2 19 4 5 6 12 4 4 2 2 5 6 6 5 3 4 3 2 2 2 1 3 4 7 16 35 70 98 82 94 47 13 18 7
109 54 5 12 8 5 4 12 7 4 4 6 9 10 9 7 3 3 8 6 6 6 4 3 18 40 67 103 134 126 95 131 84 17 27 13
120 60 6 1 3 8 1 9 6 3 7 10 6 7 16 10 8 7 9 12 8 7 8 30 65 96 119 134 127 87 75 132 105 14 26 13
124 65 4 5 3 9 3 8 5 2 6 6 6 16 12 7 11 7 4 9 1 24 58 96 122 128 116 94 61 22 41 112 109 13 22 7
122 72 16 10 9 9 3 8 6 4 8 7 4 12 13 14 14 9 7 13 42 84 121 136 127 102 70 42 15 5 27 99 113 29 24 6
124 87 14 6 11 13 7 11 8 4 6 5 5 11 10 3 4 23 48 80 109 127 128 102 70 45 27 15 7 7 24 89 107 30 15 4
132 106 28 26 29 27 20 24 20 13 11 10 8 4 11 12 36 69 95 114 116 104 83 46 18 8 2 3 6 2 18 79 100 33 18 5
135 119 40 41 39 33 28 34 34 30 27 29 27 34 50 68 91 110 110 95 71 52 38 17 5 2 9 12 8 5 17 82 103 34 14 3
126 134 72 74 62 58 61 70 81 86 96 104 107 117 99 68 58 79 82 63 36 19 8 3 3 5 5 5 5 10 23 87 92 34 12 8

29 23 7 7 1
10 11
12 11 11 11 8 25 25 22 36 53
16 12 15 6 14 13 11 4 7 17
12 10 6 4 8 11 18 20 14 15
4 5 6 5 5 5 3 21 17 5
35 37 42 47 51 45 50 70 69 59
79 78 78 80 91 106 118 130 136 148
13 7 2 6 15 37 65 77 119 160
57 63 67 71 75 80 82 51 68 104
25 29 29 33 48 69 92 86 93 84
5 8 10 5 17 43 79 74 90 104
14 15 20 4 7 25 77 68 74 117

14 23 7 7 0
30 16
65 71 65 54 56 62 62 75 120 140 142 109 91 63 51 42 84 84 43 24 15 57 70 68 69 94 127 149 151 154
87 92 84 71 66 64 66 82 184 241 209 121 89 72 74 63 93 63 35 20 22 62 73 70 74 96 132 148 150 148
59 64 68 71 73 75 74 63 101 121 117 84 78 74 82 73 85 84 76 63 62 83 86 72 80 97 122 133 139 138
24 32 19 21 38 35 46 49 53 54 54 56 60 60 61 62 62 66 62 62 68 70 74 80 83 89 95 101 104 106
48 119 101 36 32 40 50 55 45 43 46 43 45 45 44 44 43 43 26 21 26 21 22 21 24 29 34 38 41 48
55 94 112 65 30 43 62 67 49 45 49 45 47 47 47 48 49 44 39 19 5 10 7 12 12 13 13 13 13 11
38 35 47 54 45 41 47 48 35 36 44 43 44 45 46 48 49 42 49 29 7 14 11 6 6 7 7 8 8 8
49 48 45 39 38 45 46 39 36 38 45 50 50 50 50 51 51 54 50 46 32 12 7 10 10 10 10 9 9 11
67 49 45 47 41 38 46 37 36 32 37 50 52 54 54 53 52 57 53 54 50 28 16 8 8 9 10 10 10 13
52 46 46 45 39 38 49 39 32 18 17 35 52 65 72 73 70 67 65 64 64 59 52 39 26 11 4 7 9 8
29 21 19 18 16 18 22 18 18 10 11 20 25 34 42 49 55 62 61 60 63 69 71 67 55 33 14 9 10 7
42 32 27 25 22 24 18 17 16 12 11 14 13 12 10 14 22 27 27 25 24 26 28 24 29 27 17 14 15 13
86 75 70 65 60 61 56 54 51 47 44 44 46 47 44 39 38 32 34 36 35 34 35 29 30 27 22 20 20 16
99 89 85 81 74 74 74 72 70 71 71 69 69 69 68 68 72 70 75 83 87 93 99 101 101 101 95 86 80 75
109 101 91 85 80 77 77 74 73 72 72 73 73 74 74 75 79 81 90 103 114 123 129 137 138 138 139 141 142 146
112 105 96 90 85 81 79 78 76 76 77 77 77 79 80 82 88 96 105 116 124 131 136 139 139 140 141 142 143 142

56 4 7 7 1
12 6
20 20 17 10 7 15 17 14 15 19 22 22
23 22 22 18 20 20 18 13 13 12 10 5
57 37 20 19 14 5 2 5 9 4 6 9
62 53 42 28 12 7 5 7 4 5 2 9
48 26 41 41 34 34 30 15 4 6 3 7
23 28 51 67 51 59 68 47 12 8 4 2

46 19 7 7 1
20 22
7 6 3 4 7 8 7 8 9 6 3 4 4 11 28 79 125 94 108 67
8 10 5 2 6 11 12 10 9 12 11 9 23 62 110 156 152 93 126 82
6 13 11 8 9 11 13 11 4 13 21 54 99 142 154 125 72 59 122 87
2 6 9 6 2 4 5 12 27 60 98 141 154 132 90 38 7 35 120 100
9 10 12 9 5 7 21 50 94 135 156 136 85 42 15 6 5 26 105 103
13 8 4 7 29 64 86 121 143 130 91 36 10 9 5 3 7 38 89 70
71 83 105 104 96 69 98 123 100 49 10 9 7 7 11 1 45 105 103 30
255 255 255 234 203 98 59 59 24 3 10 4 11 1 15 62 139 150 71 30
255 255 255 255 255 197 49 60 18 12 9 5 9 13 78 146 162 91 56 46
46 51 62 113 202 185 29 67 13 5 8 5 12 85 165 161 91 10 50 41
5 7 18 75 188 171 13 44 18 19 13 30 97 165 162 78 11 29 47 36
3 7 12 61 183 164 7 36 6 8 38 116 157 139 69 6 16 23 40 31
2 2 17 65 178 160 6 25 17 52 123 155 111 47 15 8 8 20 39 29
5 3 13 53 169 164 21 9 68 128 157 113 44 9 8 2 10 21 35 25
18 9 7 51 167 155 30 71 143 150 110 45 9 4 4 7 14 19 32 21
210 194 182 170 221 175 113 157 151 84 32 5 8 5 4 10 13 18 31 19
255 255 255 255 255 234 176 138 70 14 5 8 5 2 2 9 12 16 28 18
95 110 134 143 151 137 98 46 12 3 4 4 4 2 4 9 12 14 24 16
11 12 13 17 19 17 7 2 5 5 1 4 4 1 2 8 15 18 20 13
13 8 6 5 4 4 3 4 3 0 0 0 0 0 0 4 12 20 18 7
18 12 10 8 5 5 8 7 3 0 0 0 0 0 0 4 12 20 18 6
25 15 8 8 5 5 8 7 3 0 0 0 0 0 0 4 12 20 17 4

48 11 7 7 1
14 21
9 8 4 2 3 2 2 2 4 5 6 8 8 6
9 8 5 4 3 1 1 2 1 1 3 5 7 7
10 10 8 6 3 3 2 2 2 2 0 1 3 5
13 13 11 9 6 4 4 4 2 2 0 0 0 1
12 12 10 11 9 6 6 6 4 1 1 3 5 6
7 7 6 8 8 7 7 7 7 5 8 11 13 12
5 5 5 4 5 6 6 6 7 8 12 14 14 11
5 5 4 2 2 4 4 4 4 2 5 4 5 3
11 10 9 8 7 9 8 5 5 2 4 10 12 32
11 12 11 10 8 9 10 8 5 3 16 47 97 124
5 6 6 6 4 6 6 4 17 53 99 140 161 136
5 7 9 12 11 10 29 57 104 149 162 147 106 52
6 6 4 10 28 70 111 137 150 132 94 55 19 12
4 2 36 74 113 148 148 124 88 51 21 4 8 4
37 73 127 133 135 118 74 36 14 7 6 11 9 18
77 127 133 90 65 28 3 5 9 11 10 6 32 87
117 103 67 33 20 1 7 5 8 11 11 45 119 153
108 102 29 5 5 6 5 7 5 14 61 138 175 133
84 70 8 5 1 7 10 7 30 92 149 162 109 36
60 30 10 6 5 6 5 42 121 163 150 88 13 19
44 34 15 11 12 11 73 145 173 126 62 11 13 7

39 22 6 7 1
36 9
49 21 29 27 12 11 5 5 5 4 8 64 101 45 69 84 12 3 8 9 11 7 43 125 213 255 255 176 182 195 56 8 3 2 6 2
43 11 16 20 15 9 7 7 7 7 10 51 97 48 62 91 18 9 2 10 34 79 156 247 255 255 185 52 171 191 58 10 2 0 5 2
40 7 10 13 12 10 7 7 7 7 10 48 100 57 57 100 43 13 25 63 133 210 255 255 220 120 48 46 189 195 54 8 3 2 6 2
87 57 45 44 48 55 46 43 37 25 11 37 104 73 56 99 61 57 118 188 245 255 238 177 81 11 21 101 222 201 55 10 0 6 5 1
79 85 90 93 100 120 119 120 124 122 83 63 137 157 143 178 157 162 214 249 234 187 123 50 9 18 51 172 255 185 34 13 2 5 4 2
145 126 108 93 91 104 84 49 36 52 45 87 168 255 255 255 255 255 225 205 139 86 34 10 25 47 161 255 255 126 40 18 3 7 6 2
223 229 229 224 228 254 255 251 234 218 159 198 176 102 42 111 182 209 88 92 52 21 17 20 55 166 255 255 162 34 54 25 2 8 4 0
78 89 98 101 103 117 127 138 153 139 156 235 255 255 255 255 158 117 10 21 18 8 28 41 171 255 255 157 44 20 56 46 12 5 2 0
21 25 27 24 21 29 29 24 32 34 34 53 69 102 180 217 138 15 14 16 16 28 57 156 255 255 140 51 8 13 39 55 36 11 1 0

38 17 7 7 0
9 21
65 68 71 87 86 92 91 88 85
72 68 69 82 82 90 89 87 84
79 66 66 80 80 87 86 85 83
80 63 68 80 80 82 83 83 82
83 63 69 78 77 79 81 81 81
80 60 68 73 70 78 80 76 79
77 63 73 74 75 76 80 77 82
69 64 74 70 76 75 76 73 76
73 73 72 72 74 77 77 76 80
135 135 122 129 117 112 109 109 112
149 165 172 161 170 166 165 173 180
121 137 169 181 183 183 179 177 166
51 100 160 168 173 169 161 157 156
38 52 122 193 195 202 200 198 197
29 34 45 132 205 200 203 205 205
31 31 30 58 124 186 192 178 196
28 32 34 31 50 115 173 188 189
33 32 39 35 36 50 104 172 184
38 37 35 37 42 39 48 100 161
60 61 57 54 51 53 53 60 101
65 64 65 66 66 67 67 68 72

6 28 7 7 1
10 8
55 117 141 85 25 9 4 4 14 18
29 75 114 115 76 33 6 5 14 30
11 37 71 107 113 83 42 11 7 27
3 18 39 78 112 118 96 51 24 30
12 13 15 37 67 93 105 85 53 40
8 7 6 16 31 51 76 83 66 47
13 7 5 17 29 39 52 67 68 54
13 13 7 8 20 34 42 54 62 59

20 19 7 7 0
19 23
79 133 183 160 98 83 79 72 67 75 83 98 114 130 124 124 116 111 129
85 132 177 156 96 85 81 79 75 82 88 103 118 135 127 120 122 114 129
81 120 164 149 95 86 81 81 77 77 88 110 125 143 133 122 128 118 128
84 118 159 152 107 92 84 86 84 80 89 118 136 150 143 133 130 121 129
89 122 158 157 123 99 84 84 84 82 90 126 143 149 144 139 128 121 129
94 130 166 172 147 120 96 88 85 80 90 131 147 145 139 139 125 120 129
98 118 143 166 171 168 155 130 111 94 101 130 140 133 133 128 119 123 132
109 123 126 155 190 217 228 225 207 181 149 144 137 129 129 119 120 125 135
102 113 119 151 187 229 244 249 251 247 242 234 216 198 174 144 126 119 116
89 104 118 125 130 149 172 194 218 238 245 248 250 252 237 217 185 162 135
79 91 99 96 98 103 109 116 144 179 203 210 217 227 237 247 234 220 200
79 77 84 81 77 84 94 100 122 149 158 158 157 163 185 211 215 217 211
83 63 66 70 72 66 78 84 103 124 133 135 133 137 162 189 193 199 197
103 77 63 57 60 64 68 72 87 106 116 117 114 116 137 162 183 194 196
127 118 99 76 67 55 52 56 70 89 102 105 104 105 123 143 169 184 187
139 136 126 114 111 93 81 75 71 75 84 91 95 97 109 126 151 165 169
143 140 136 130 131 125 118 118 108 102 100 103 105 103 107 117 132 148 153
156 150 142 137 137 132 132 130 128 126 125 125 125 124 124 125 133 134 136
161 155 147 142 142 137 136 135 133 131 136 138 139 140 142 143 142 144 145
163 157 150 146 146 140 139 138 136 136 139 141 142 144 148 151 151 152 153
162 157 150 146 146 142 140 138 138 139 142 142 143 145 151 155 155 155 156
161 156 150 146 146 144 141 140 140 142 142 141 141 143 149 154 156 155 156
162 157 149 147 149 146 144 144 143 144 145 145 145 146 150 153 156 155 157

1 10 7 7 1
15 17
14 19 33 32 79 138 141 132 90 38 19 14 61 141 119
18 23 35 22 120 113 62 36 18 6 9 20 35 117 159
11 34 30 59 128 69 32 21 25 13 29 29 14 78 164
17 33 19 100 121 48 33 19 24 22 20 11 39 88 255
23 23 35 125 102 37 15 6 8 10 37 117 89 19 201
7 19 49 125 78 26 18 20 17 2 60 100 33 44 177
18 15 57 120 74 25 29 19 20 8 56 123 76 63 255
10 2 60 123 76 23 31 16 24 24 30 59 36 104 209
3 5 66 124 63 16 15 13 24 21 23 52 145 255 255
2 7 64 123 63 26 25 23 28 12 40 192 255 255 255
6 18 47 125 98 22 49 14 14 37 171 255 255 239 62
9 20 21 111 146 62 81 77 70 85 255 255 242 58 3
14 9 16 75 176 101 23 49 88 210 255 255 83 18 9
10 6 12 35 168 188 61 140 224 255 255 162 74 27 15
8 8 11 5 100 202 191 255 244 223 173 110 79 42 22
11 2 7 10 23 77 77 31 123 250 237 187 122 44 12
13 14 4 7 22 110 165 181 138 229 255 255 255 255 198

0 19 7 7 1
15 22
28 5 13 11 33 88 124 34 41 39 62 19 28 93 255
44 5 7 9 17 72 141 49 41 24 43 55 122 255 255
66 9 5 3 7 41 137 93 49 66 41 35 207 255 255
89 17 10 5 8 18 119 158 51 33 49 138 255 255 240
115 13 8 7 8 7 84 186 124 72 177 252 255 255 151
149 30 9 8 10 11 36 155 176 214 255 228 204 182 116
186 50 18 5 2 10 9 65 65 36 96 220 255 255 177
211 85 10 12 9 4 8 48 133 174 135 143 245 255 255
217 122 8 11 5 4 14 68 148 86 62 117 104 77 223
196 147 24 13 6 3 26 54 132 67 168 150 53 38 63
173 162 52 10 13 6 37 33 123 116 255 243 186 61 74
119 177 82 6 9 11 39 21 72 90 226 70 103 27 30
52 178 105 15 4 20 33 11 26 131 218 94 127 84 125
40 170 138 31 5 19 30 5 21 84 137 79 160 134 68
108 135 161 48 5 19 31 7 18 75 226 246 192 213 147
173 80 170 66 4 23 32 11 18 11 56 116 114 122 54
214 31 182 94 5 23 33 10 14 13 17 16 16 12 36
251 36 177 131 26 24 35 5 5 6 19 12 12 10 10
255 113 139 154 55 12 41 13 11 18 26 17 17 12 13
255 167 83 154 73 6 28 7 3 4 12 7 10 8 7
238 204 30 152 86 12 19 9 6 13 21 21 9 12 10
209 235 25 151 108 18 25 16 9 15 5 11 10 10 4

5 0 7 7 1
21 19
13 16 19 11 7 7 8 3 6 10 12 11 13 12 18 22 24 28 17 8 19
7 10 13 10 8 12 12 6 9 13 12 6 7 6 14 18 34 44 28 22 9
5 9 12 10 10 15 16 11 14 15 8 3 5 4 14 26 39 42 18 16 16
8 11 14 12 13 18 17 11 15 13 7 6 8 7 18 28 35 33 24 20 11
5 7 9 10 11 18 23 12 4 6 3 2 7 5 21 25 36 28 12 8 9
6 8 9 9 7 7 14 15 10 17 21 27 32 57 80 68 60 53 37 37 50
12 10 9 6 8 14 27 23 19 33 60 97 164 236 255 245 223 186 129 87 84
5 3 4 5 25 43 45 52 70 93 100 103 131 132 98 92 121 177 243 255 225
4 5 3 30 69 73 70 65 48 23 40 70 129 161 148 137 127 90 51 91 200
14 15 28 70 66 16 26 59 74 60 32 108 169 178 160 133 95 44 97 107 33
21 41 127 74 45 107 85 58 131 210 252 255 227 174 127 85 65 54 40 27 64
65 254 247 171 125 12 162 255 255 242 174 99 42 19 18 19 16 16 15 9 17
182 255 74 196 100 255 255 254 140 61 22 17 27 33 19 17 18 16 12 28 46
161 187 193 84 205 255 162 74 11 28 56 81 75 78 37 10 12 4 58 106 128
120 100 15 149 191 122 25 24 71 110 123 103 100 85 109 83 81 73 81 54 46
94 120 173 133 66 35 51 81 114 126 106 87 130 147 135 85 83 125 172 158 194
148 170 109 19 29 64 82 22 72 94 63 73 198 255 255 187 127 23 81 102 158
191 136 18 47 58 89 48 141 118 207 138 91 148 177 106 56 85 102 116 93 36
184 89 27 17 38 77 75 180 77 255 175 36 106 178 139 109 79 47 97 177 155

21 2 7 7 1
4 21
2 2 5 9
1 1 4 8
2 2 5 7
2 2 5 8
2 3 7 10
2 5 8 10
1 6 8 9
2 6 6 7
4 6 6 10
12 10 10 15
17 11 11 16
9 8 12 16
7 12 15 14
6 14 14 8
2 10 14 10
35 27 40 45
76 48 48 54
75 72 27 13
67 64 38 23
64 54 27 18
63 51 24 16

51 29 7 7 0
16 13
52 113 153 160 158 153 145 132 107 83 70 65 70 76 78 78
51 115 154 146 134 116 92 75 69 67 66 69 75 78 77 75
60 85 90 73 58 61 64 65 68 70 73 75 74 76 80 80
44 48 54 58 71 73 75 76 75 74 75 76 78 78 78 77
61 66 70 71 74 75 77 77 76 74 74 77 80 79 78 75
70 72 72 72 77 78 79 78 76 74 72 76 81 80 77 74
69 70 73 75 77 78 79 79 76 75 73 76 80 80 77 74
71 73 76 78 75 76 78 78 77 75 74 76 79 79 77 76
74 75 74 72 73 75 77 78 77 77 76 77 78 78 78 78
71 71 71 71 73 75 77 78 78 78 77 77 76 78 78 79
73 72 72 73 72 73 75 76 76 76 75 75 75 75 77 78
71 70 70 71 71 72 73 74 74 73 74 73 73 74 75 76
69 68 69 69 71 72 73 73 73 72 73 73 72 73 75 75

15 9 7 7 1
36 9
26 28 16 49 121 186 228 238 236 223 183 144 123 86 68 95 52 255 255 160 42 26 142 225 100 129 119 37 37 29 23 18 32 37 28 10
103 112 35 66 102 105 117 90 61 40 14 23 25 12 29 90 93 53 255 255 107 30 81 201 174 99 103 38 32 36 21 22 32 37 25 14
130 135 127 171 191 232 250 187 122 71 32 44 84 110 121 143 117 46 164 255 255 61 33 122 196 60 95 44 22 39 24 26 28 32 21 20
107 110 116 134 176 255 255 252 205 178 186 151 40 24 34 87 169 152 127 255 255 175 35 48 151 113 84 51 22 38 21 22 22 26 17 15
164 171 88 59 153 255 255 136 42 76 171 255 200 217 255 234 244 121 80 220 255 255 101 28 91 106 50 43 14 33 17 16 16 20 14 9
141 158 167 50 109 182 198 90 96 96 14 119 109 106 172 158 130 13 114 241 238 239 195 19 70 75 63 30 11 28 14 14 13 16 14 8
161 241 153 6 76 219 199 86 34 32 119 77 3 22 20 34 56 200 255 255 255 187 165 79 35 60 65 33 23 28 13 12 9 14 15 7
132 126 75 34 94 161 247 209 93 29 29 131 125 47 49 146 255 255 255 255 186 168 100 88 26 54 61 39 25 21 6 3 4 11 15 5
79 43 65 27 188 255 248 134 73 25 106 125 228 181 195 255 255 255 255 135 64 136 93 105 52 43 62 43 25 21 2 1 8 8 16 11

0 19 7 7 1
25 15
10 16 57 87 107 138 173 180 148 86 21 10 10 9 10 11 2 14 31 82 144 180 182 171 184
8 5 56 98 113 74 86 147 205 194 124 53 15 1 6 1 6 7 23 16 42 60 69 65 65
7 5 47 107 112 58 20 42 126 212 226 165 88 34 8 11 4 12 5 9 11 21 27 28 21
7 10 41 104 130 74 9 42 28 100 208 246 212 133 45 5 7 23 13 2 6 6 3 9 5
11 20 42 79 117 93 28 39 62 29 72 186 255 255 173 55 9 11 11 11 3 10 9 8 2
7 10 39 69 101 112 60 14 56 75 67 40 154 255 255 226 97 19 11 14 6 10 8 7 2
6 6 41 68 91 114 84 18 22 47 79 81 18 114 243 255 255 155 55 16 4 0 3 7 7
10 8 28 57 82 105 90 42 5 25 49 63 56 22 72 212 255 255 209 108 44 14 9 7 7
8 2 22 46 75 101 97 60 17 25 56 60 54 49 26 46 166 255 255 255 193 107 55 34 24
5 2 17 35 61 89 100 81 43 13 44 64 69 66 58 38 25 127 224 255 255 255 213 175 160
7 3 14 27 46 71 87 81 56 17 25 51 64 61 50 51 43 5 58 138 201 240 247 234 224
5 2 12 21 38 62 78 76 61 31 7 33 51 56 52 52 51 45 32 16 43 75 96 106 103
5 1 11 16 33 58 76 78 69 45 9 18 42 56 60 61 50 39 44 44 37 33 28 26 15
6 1 11 13 24 46 66 74 74 59 26 4 23 42 51 59 54 39 38 43 37 40 40 40 37
6 5 11 12 19 36 54 62 68 65 39 16 7 19 36 49 53 45 38 36 32 36 38 38 41

68 22 7 7 0
5 13
18 17 34 61 79
14 22 37 57 79
14 24 43 62 80
11 30 51 69 81
11 35 55 73 83
16 40 56 77 85
20 43 58 81 86
27 50 69 84 85
34 64 80 87 85
45 78 86 86 84
55 84 84 82 83
65 88 85 84 83
70 90 82 88 84

7 27 7 7 1
6 7
8 9 5 11 19 20
14 9 6 8 13 20
5 2 6 9 13 18
5 3 8 6 10 12
3 5 9 3 6 5
3 9 10 1 6 4
8 11 7 2 6 4

58 4 7 7 1
11 4
116 87 47 8 14 14 11 11 10 9 8
81 103 100 69 19 3 6 9 8 9 9
48 23 50 88 74 31 10 13 8 10 11
23 32 28 13 63 69 29 13 19 15 13

0 4 7 7 1
9 13
1 6 8 4 12 12 9 8 12
5 13 13 8 11 13 10 8 12
7 13 11 3 4 6 4 2 6
6 11 10 11 7 4 15 13 15
5 8 6 7 5 8 17 2 10
4 9 8 11 13 18 30 9 12
12 16 12 4 92 143 159 115 46
12 17 7 32 179 246 235 255 200
7 12 7 48 195 224 102 228 255
5 11 14 49 185 191 43 64 139
10 13 23 60 191 192 39 3 14
11 3 13 55 199 203 40 6 14
27 15 19 39 200 250 91 8 5

60 23 7 7 0
14 18
116 111 70 18 20 14 14 28 48 58 55 55 55 57
70 58 47 32 32 23 16 34 52 58 56 56 54 56
28 24 27 22 14 6 19 40 56 59 57 57 56 56
24 24 21 20 15 14 22 45 59 59 59 58 57 57
21 24 15 18 15 16 23 47 61 59 59 58 58 58
21 19 17 18 19 21 39 52 60 59 55 57 56 55
34 33 33 36 39 42 54 57 59 58 57 57 56 55
54 54 54 54 57 58 64 60 58 59 58 57 56 54
62 61 61 62 63 63 62 59 58 61 60 55 54 54
60 62 62 64 64 65 61 59 60 61 59 54 54 53
70 71 70 69 67 66 64 63 61 59 57 55 54 53
79 78 76 73 71 70 64 64 62 61 58 56 55 54
79 77 76 74 73 72 66 65 64 62 59 57 55 54
76 76 75 75 74 74 69 68 66 63 60 57 55 54
74 74 74 73 73 73 70 69 67 64 60 57 55 54
72 72 72 72 71 71 69 68 67 64 61 58 55 54
71 71 70 69 68 68 67 66 65 63 61 59 56 54
70 69 69 68 67 66 65 65 64 62 60 59 55 53

0 15 7 7 1
5 19
8 17 10 7 121
15 27 26 23 133
4 13 20 32 144
14 17 11 21 156
12 15 15 4 125
8 12 3 17 57
20 16 15 20 10
16 9 12 7 9
1 1 4 6 2
8 4 4 10 13
13 17 18 18 16
16 16 11 5 6
5 8 8 5 3
3 4 4 5 6
5 6 7 8 7
14 16 16 18 19
10 12 12 13 14
11 12 14 14 14
20 22 23 22 23

63 24 6 7 0
12 16
84 51 54 59 71 78 77 72 61 61 72 80
68 57 52 63 77 79 77 71 58 64 76 77
60 54 52 67 79 79 77 70 58 65 76 75
64 46 58 71 80 80 76 67 59 65 75 74
58 47 68 77 82 80 76 65 60 66 74 73
53 63 73 82 83 80 75 62 60 66 72 72
59 57 84 86 84 80 75 61 61 67 72 72
66 73 86 84 80 75 70 59 59 69 74 72
73 82 87 85 80 76 67 57 60 69 74 74
81 89 86 86 81 75 62 56 62 69 74 75
87 91 86 83 79 73 58 54 64 70 73 77
89 89 86 79 76 71 53 53 65 69 72 79
88 88 86 79 75 68 52 53 66 70 71 79
87 87 85 81 76 65 52 56 67 71 70 80
87 87 85 82 74 63 52 59 69 72 73 84
87 87 86 82 74 62 53 62 72 74 75 89

0 0 7 7 1
25 6
11 51 107 101 52 7 17 5 2 10 9 22 32 16 32 18 36 67 39 5 6 8 1 13 18
5 51 111 94 40 7 8 7 4 15 11 14 34 32 40 9 49 69 32 4 1 7 3 12 17
39 69 115 80 26 6 5 6 11 10 10 1 14 19 18 18 58 66 26 7 4 6 4 13 19
69 75 109 68 23 6 4 1 6 9 9 8 10 7 6 23 59 56 14 7 3 4 4 14 18
14 35 80 54 18 8 5 3 3 6 5 8 10 4 10 29 67 53 10 4 1 5 4 15 16
60 69 77 48 9 13 17 9 8 11 19 21 14 13 17 33 70 46 6 1 4 2 3 14 15

68 23 7 7 1
5 16
9 23 24 18 12
7 26 28 18 12
11 32 30 15 11
13 34 28 10 11
17 36 25 6 10
24 40 24 4 10
29 40 20 7 11
28 28 8 5 13
25 18 10 1 14
23 15 8 7 15
20 12 5 7 20
16 9 1 9 27
13 9 3 14 28
11 11 8 16 24
8 12 11 15 19
3 12 14 14 14

24 22 7 7 1
24 16
31 24 24 24 19 15 15 14 14 12 1 7 8 4 16 21 24 31 37 30 17 15 7 12
11 12 15 21 24 17 24 25 21 28 24 15 17 25 24 16 13 22 27 26 22 22 14 18
4 6 4 10 19 23 28 25 18 23 24 20 31 25 13 4 10 24 25 14 12 12 17 15
14 7 9 18 13 12 18 20 19 27 26 40 42 34 29 19 23 30 22 14 14 23 17 12
21 14 13 13 11 11 15 13 3 9 20 41 32 37 35 26 43 48 34 25 27 35 24 23
169 149 117 91 76 62 47 34 24 18 16 22 7 18 32 37 55 51 38 33 34 37 30 35
255 255 255 255 248 237 222 201 187 175 147 115 94 87 85 72 62 46 30 29 17 23 24 28
152 173 188 200 218 237 249 252 254 255 255 255 253 242 232 220 201 174 137 94 53 45 43 37
24 33 41 46 53 68 85 98 108 117 134 155 170 184 203 220 233 254 240 172 105 75 65 55
9 6 3 4 6 3 8 12 16 22 21 17 24 38 45 63 78 140 183 132 74 53 50 46
10 10 9 8 6 3 4 7 12 12 9 8 13 18 13 9 11 77 139 91 31 14 11 8
4 2 1 1 3 3 3 5 9 7 4 3 6 12 9 6 8 74 136 89 29 13 10 6
5 4 6 4 2 2 3 8 10 5 2 1 5 9 8 1 6 75 142 100 31 7 8 1
2 1 5 6 5 6 3 10 11 6 6 8 8 8 7 6 12 82 142 99 26 9 10 3
9 7 2 4 2 9 4 10 10 4 3 6 9 10 9 7 8 81 149 108 28 15 9 5
13 14 12 8 9 14 8 14 14 9 9 12 15 16 15 13 15 86 148 106 24 14 2 7

42 0 7 7 1
30 21
78 137 156 122 88 77 90 96 80 75 76 63 59 59 54 49 43 40 45 44 32 24 21 18 20 15 5 2 16 46
83 121 113 91 74 68 81 92 79 76 83 75 66 54 39 31 24 21 28 34 30 26 26 25 27 23 14 9 25 52
94 107 71 61 57 55 71 88 77 69 71 65 61 53 36 27 23 20 22 25 23 20 21 24 30 28 18 12 19 43
91 76 36 45 54 57 69 90 84 72 64 53 54 60 53 43 36 31 29 28 24 17 12 13 24 29 17 15 11 42
82 43 31 56 53 50 58 81 86 83 79 67 64 69 65 55 43 33 27 25 23 17 10 6 15 26 16 19 15 54
81 32 50 55 38 35 44 71 84 89 93 88 85 77 59 44 31 21 16 18 22 20 15 11 15 25 18 21 17 55
62 51 81 54 32 30 36 63 75 81 86 85 94 91 68 50 39 31 19 14 22 25 22 22 22 28 24 25 16 50
29 44 99 77 33 9 7 37 54 66 75 76 92 102 85 62 45 41 34 24 26 27 24 27 28 34 35 36 18 49
29 22 100 110 84 61 42 23 18 41 55 59 75 88 74 54 36 18 29 35 37 33 23 22 24 32 37 43 17 50
29 30 79 111 103 85 70 48 20 32 61 78 92 107 110 85 42 8 12 26 42 52 35 23 19 23 28 40 17 56
34 52 46 89 100 91 79 68 43 48 86 89 83 97 102 67 20 19 22 26 30 57 53 38 28 26 28 37 28 75
57 60 24 54 81 90 83 75 49 26 59 56 64 96 97 55 12 4 23 43 36 39 56 46 32 32 37 37 29 83
73 80 34 29 56 80 87 82 60 16 75 59 64 112 117 69 28 14 25 59 52 21 49 46 26 30 45 43 21 90
85 92 53 23 41 63 79 83 75 41 88 68 60 117 131 80 37 13 58 82 60 22 53 59 32 31 52 53 32 126
105 112 57 18 31 56 77 90 102 53 78 72 57 100 105 66 52 42 87 86 55 31 56 70 42 34 56 55 56 163
141 150 62 12 18 45 82 115 142 65 59 93 107 155 134 39 36 81 102 84 52 42 51 63 41 23 48 42 73 195
159 172 78 6 12 15 60 122 152 69 133 224 212 205 160 81 89 62 70 51 30 31 32 38 39 27 47 34 102 225
144 174 95 15 16 18 34 124 159 43 194 255 186 137 118 98 168 153 56 14 27 51 74 64 53 32 43 23 138 237
118 174 141 76 48 61 20 106 177 70 239 233 106 41 48 24 119 146 55 26 51 82 79 49 39 26 35 8 156 227
213 151 59 33 31 58 38 70 154 118 221 174 66 26 42 12 150 201 90 65 57 71 43 17 16 10 24 27 164 207
254 196 152 120 102 93 55 81 109 96 125 100 84 56 46 81 204 214 80 98 89 54 9 13 19 28 42 39 165 192

31 0 7 7 0
32 19
79 82 80 69 60 55 51 51 60 75 69 60 59 62 61 66 87 95 94 98 102 97 97 98 99 101 102 100 98 95 90 88
76 78 76 65 55 53 51 51 63 74 67 59 60 53 45 47 56 66 60 55 55 57 56 56 57 59 60 59 62 64 66 67
74 75 72 62 52 51 51 52 67 72 65 57 57 45 42 53 58 63 52 45 43 30 29 28 29 29 33 42 41 39 36 34
72 73 70 59 51 49 50 55 66 70 59 56 52 48 53 65 73 69 57 48 43 39 38 37 37 39 41 41 40 40 40 40
70 72 69 57 50 48 50 56 63 67 55 58 52 54 60 63 64 58 52 46 43 42 40 40 41 43 44 42 41 42 43 45
70 72 67 55 51 50 50 55 60 62 53 61 63 66 71 70 67 63 58 54 52 53 53 53 53 55 55 51 51 52 53 55
71 72 64 53 49 50 50 54 57 57 55 67 74 78 81 79 77 74 71 69 68 68 69 71 72 72 72 71 71 71 70 69
71 72 62 51 49 49 50 54 56 53 57 70 77 81 83 79 75 73 70 68 68 70 72 76 78 79 80 81 81 82 80 79
71 72 61 50 48 47 49 53 55 53 57 69 75 79 80 74 68 65 63 61 60 55 59 64 68 69 71 75 79 81 83 82
72 69 56 48 48 48 48 53 57 54 58 68 71 75 72 61 56 51 49 49 48 46 51 55 57 62 68 70 78 81 80 79
72 67 55 48 47 46 48 52 55 54 63 67 67 68 64 55 49 43 44 44 38 38 41 42 44 49 55 65 73 77 77 78
71 66 54 47 46 46 48 51 53 53 62 59 56 54 48 42 39 41 34 29 34 41 42 42 44 48 53 59 66 71 73 75
70 64 52 46 45 46 50 51 52 54 63 54 48 45 41 45 46 37 46 61 64 67 61 56 54 55 55 58 65 69 71 74
68 62 50 45 46 47 52 52 52 56 61 49 43 39 38 40 40 60 86 94 78 69 60 51 50 50 49 52 59 62 64 67
69 61 50 46 47 47 53 54 51 55 58 41 35 33 32 37 82 143 135 95 75 57 51 45 44 43 41 45 49 52 53 55
68 59 49 46 48 50 56 57 50 56 51 34 30 30 33 62 150 174 150 113 89 66 55 45 41 38 37 41 40 37 34 31
66 56 48 47 48 49 56 54 48 56 45 32 27 25 34 67 139 174 187 157 109 72 57 45 43 40 35 31 29 35 40 38
62 51 48 47 47 50 57 53 51 59 42 31 25 22 36 70 126 165 202 184 135 75 65 57 53 44 36 35 29 32 36 33
65 57 55 53 52 55 55 51 52 52 38 26 24 26 43 72 104 129 175 163 115 84 84 81 72 60 52 49 52 64 78 85

24 8 7 7 1
34 18
5 5 7 10 11 11 4 4 37 51 24 5 3 13 17 2 10 34 27 27 25 54 66 60 53 42 43 48 41 53 55 58 58 50
8 7 6 8 8 8 2 6 38 43 19 6 5 13 18 9 14 24 22 32 47 70 67 49 37 36 41 28 25 27 31 40 49 53
13 10 7 8 8 9 2 10 40 43 20 5 5 12 11 8 20 19 34 46 57 58 37 22 14 8 37 61 60 44 29 29 26 21
14 8 4 5 7 10 5 14 43 43 17 1 12 15 7 7 22 5 44 42 40 24 8 11 66 129 127 91 67 56 32 13 8 16
8 6 5 3 5 14 9 14 41 37 9 5 15 16 4 7 20 25 59 44 33 22 35 154 241 181 113 64 41 50 38 24 26 31
2 3 5 5 11 14 4 19 41 32 7 8 19 21 11 3 18 46 69 40 22 22 184 255 255 192 151 93 50 41 32 24 28 28
10 6 4 4 22 6 3 30 45 29 3 8 19 17 11 3 10 58 61 28 16 68 254 255 136 192 235 181 107 54 27 13 16 15
27 13 5 5 20 9 4 44 46 22 1 6 17 11 17 5 8 58 47 24 23 85 211 235 91 121 255 249 141 67 50 36 30 13
152 130 96 58 36 14 16 37 32 21 14 15 23 4 13 8 23 65 44 18 28 104 181 232 204 59 139 206 140 84 89 83 74 55
84 126 160 174 157 109 71 66 61 52 48 47 44 32 24 12 28 57 34 6 43 94 151 199 244 182 248 214 75 75 107 125 129 123
61 38 7 65 116 142 151 143 128 109 98 90 82 94 74 59 74 87 75 45 71 84 101 151 216 204 237 140 26 55 80 129 130 98
15 39 71 72 55 12 57 80 85 93 120 128 130 116 77 66 85 93 96 81 78 59 43 93 139 136 108 73 55 59 38 42 83 58
1 12 16 8 13 37 55 47 18 19 18 7 52 89 71 51 58 63 71 77 64 50 39 28 24 30 44 73 67 47 68 147 124 63
8 22 25 8 12 18 10 4 7 29 61 84 83 76 55 31 19 32 39 45 51 58 72 78 75 62 48 39 52 58 90 86 32 29
50 53 24 5 8 18 25 20 21 26 26 18 50 66 53 20 7 6 5 5 8 11 11 15 19 26 14 9 27 45 45 27 10 29
49 11 58 58 41 27 12 14 17 15 23 37 46 32 11 17 19 11 11 6 4 6 7 11 6 13 14 14 21 10 14 7 36 42
143 146 104 49 19 52 55 43 22 11 27 36 33 41 31 24 15 3 8 7 4 2 3 6 2 16 24 40 30 10 12 7 42 40
38 82 128 158 149 96 28 32 40 41 68 60 46 50 14 16 14 8 13 10 7 7 8 4 5 29 39 33 12 15 20 16 51 68

22 9 7 7 0
14 21
79 79 76 75 74 73 71 70 68 62 51 45 48 45
77 77 74 74 73 71 70 70 68 59 49 45 46 45
75 74 72 72 71 71 70 70 66 56 48 45 46 46
72 70 71 71 70 70 70 70 66 55 47 45 45 48
71 75 75 71 69 69 68 68 64 54 50 46 42 47
78 74 69 69 71 71 67 65 61 49 46 48 46 48
89 75 88 79 71 67 65 64 59 47 44 46 46 49
118 107 88 83 78 75 70 66 59 50 47 46 41 49
118 130 155 137 113 93 79 76 73 64 62 62 58 56
107 105 98 113 130 134 126 114 101 89 83 82 81 83
113 111 111 110 106 106 106 108 114 120 119 113 110 102
108 105 114 111 107 105 105 100 95 96 97 103 111 120
112 104 103 106 110 109 105 105 109 107 101 96 95 83
127 120 114 107 99 100 105 107 106 103 97 95 96 97
95 105 119 122 122 112 99 97 104 107 105 102 102 100
77 76 80 91 106 116 119 118 113 106 101 102 103 100
77 76 75 73 73 80 90 101 113 120 120 111 102 97
78 77 75 75 74 71 69 69 75 85 99 113 122 111
78 78 77 76 75 73 71 72 72 70 72 78 84 97
79 78 70 70 71 74 77 78 76 75 72 69 66 65
80 79 76 77 78 77 76 76 77 75 75 74 73 71

11 18 7 7 1
25 23
10 8 8 14 13 23 58 83 73 31 27 51 60 63 67 66 67 74 79 78 80 91 98 104 121
3 5 14 20 14 10 11 42 66 52 67 58 51 58 72 83 90 99 109 110 116 126 139 144 152
8 14 12 3 8 5 6 13 55 75 47 17 17 10 15 21 26 24 25 30 37 35 47 49 59
5 13 2 9 4 14 11 8 48 88 63 27 27 25 20 19 16 15 16 21 26 25 21 18 18
38 10 9 2 13 16 5 8 49 69 41 18 23 21 12 9 7 6 8 7 4 2 4 10 10
100 63 20 15 18 13 6 16 57 66 40 22 19 14 6 7 8 2 2 2 3 4 6 10 4
81 101 83 30 18 25 12 22 62 63 37 23 18 13 5 6 10 7 4 3 2 2 4 7 3
26 72 108 109 50 16 12 36 64 58 31 21 18 13 4 3 7 7 8 9 7 6 6 7 5
15 24 59 112 113 66 26 40 71 50 21 18 18 12 2 3 5 6 7 11 10 8 8 8 8
16 10 11 44 86 99 74 58 80 44 21 23 19 13 5 5 6 7 5 5 10 10 6 8 13
7 13 10 12 29 67 87 64 68 31 14 26 28 22 16 19 19 7 8 2 8 9 4 6 5
13 9 14 16 8 14 42 43 23 8 16 27 38 39 45 53 67 71 80 82 92 93 92 95 93
2 3 6 8 8 5 9 17 23 10 5 17 28 43 57 66 75 83 89 97 102 121 158 191 199
5 8 8 4 7 5 7 6 13 22 19 12 14 16 19 21 28 31 32 39 35 51 94 123 100
2 3 2 2 4 7 7 10 6 13 14 17 18 14 18 27 34 23 13 29 23 31 64 63 12
6 5 4 3 1 5 10 9 2 16 14 9 14 14 13 18 28 25 28 43 30 31 67 66 9
2 3 2 1 3 1 5 6 9 14 11 6 8 16 21 24 31 26 23 38 42 58 89 89 21
4 5 5 3 3 2 6 7 12 10 9 6 4 8 17 22 27 28 28 36 43 70 110 132 83
2 4 4 2 1 0 2 5 7 11 11 6 3 5 11 18 22 23 28 33 30 47 84 121 116
5 6 5 3 4 4 5 5 7 10 15 11 6 8 10 15 19 18 25 33 23 23 44 70 94
6 8 8 7 8 7 8 8 8 9 17 18 13 14 15 17 20 22 22 35 27 25 28 36 60
5 7 8 7 8 6 8 8 8 8 14 17 15 16 17 18 19 19 19 28 29 26 27 26 32
2 3 5 5 5 3 6 6 6 6 10 12 11 12 12 12 12 12 13 15 19 15 20 20 15

4 23 7 7 1
19 7
85 138 170 93 16 11 8 10 21 53 121 219 255 228 139 54 10 9 14
79 123 185 171 86 15 12 20 11 10 16 75 164 240 246 175 94 49 54
78 87 116 195 202 89 19 23 9 9 9 7 48 126 212 229 171 95 72
87 72 17 83 221 227 106 31 3 10 4 8 3 32 100 171 190 150 128
89 76 13 40 90 241 241 119 26 3 5 10 5 2 26 82 135 146 151
81 88 12 51 33 110 255 255 130 33 10 12 7 3 10 29 46 56 67
74 91 29 40 41 29 120 255 253 129 47 17 4 9 7 10 13 13 16

36 3 7 7 1
22 22
14 24 22 15 12 6 13 40 76 71 53 32 21 19 46 46 48 46 25 25 55 39
8 18 11 15 28 14 25 50 38 18 61 69 73 64 67 82 89 100 78 15 70 78
5 7 8 31 30 8 19 61 67 62 8 69 111 120 98 92 115 171 209 171 241 245
8 2 5 18 27 47 42 42 52 64 195 160 151 91 32 26 18 68 114 71 38 192
13 7 14 24 27 32 43 69 85 188 237 166 255 254 186 181 201 239 255 255 255 246
5 27 44 25 18 41 114 126 105 179 255 255 255 166 109 103 103 89 116 149 199 226
36 63 38 23 10 109 146 69 17 20 53 46 27 15 13 6 8 12 6 14 11 28
69 42 32 47 53 138 73 13 24 35 65 58 51 21 13 7 2 8 4 11 2 11
62 32 95 30 155 162 77 47 46 115 242 234 255 152 48 67 80 86 95 52 12 11
30 94 28 150 208 145 73 81 85 255 255 248 255 255 149 59 56 102 136 152 68 24
73 70 185 253 137 61 11 36 169 255 255 96 227 113 147 82 40 156 123 215 105 35
111 109 255 175 81 57 16 40 162 255 255 255 213 52 158 206 41 182 51 221 134 50
171 255 237 45 64 88 80 78 153 246 218 169 55 185 96 255 72 237 99 255 167 53
152 201 84 23 41 31 67 97 134 94 33 82 195 255 148 255 253 255 133 255 179 47
91 42 15 36 25 14 53 133 152 64 121 123 125 236 227 159 135 230 126 255 255 65
168 55 48 57 57 51 42 113 215 147 154 29 82 214 249 255 255 255 255 255 237 67
180 32 35 44 51 62 77 85 74 139 132 63 71 255 255 255 255 255 255 255 250 68
172 11 9 11 7 16 102 131 158 66 116 102 135 148 233 225 123 108 207 187 144 37
161 10 18 16 24 20 103 50 121 55 61 30 48 14 21 25 17 9 18 11 36 16
101 15 7 2 19 24 124 157 181 37 84 64 15 13 38 147 156 135 59 9 34 36
46 11 16 9 13 18 22 70 65 75 125 111 66 101 137 203 82 126 74 38 58 71
68 102 141 121 116 121 142 119 113 153 133 90 92 135 92 41 75 89 49 41 51 74

66 16 7 7 1
8 16
4 5 5 14 19 8 30 30
7 9 8 19 24 11 37 33
3 6 7 17 20 5 35 29
4 2 11 19 21 6 35 24
3 7 19 24 25 13 39 22
1 19 31 31 24 19 40 20
6 27 36 30 15 25 38 15
22 38 37 25 13 30 40 13
37 43 35 20 13 28 42 16
42 41 29 13 17 26 38 14
50 43 23 13 21 26 30 19
50 34 13 15 26 30 19 29
37 16 11 20 33 31 11 33
20 3 16 22 33 30 6 35
4 7 13 21 31 30 5 41
2 9 12 24 36 32 11 47

65 22 7 7 1
6 12
137 233 102 11 40 42
178 245 86 23 31 26
240 244 63 26 41 30
255 199 39 18 47 39
255 121 19 13 45 50
220 47 6 9 34 49
119 4 3 1 18 36
47 8 1 4 5 24
16 8 6 7 4 8
8 4 5 5 2 1
5 3 3 3 3 4
7 11 3 4 2 1

1 24 7 7 1
12 18
8 6 76 158 121 55 20 120 229 188 64 19
4 8 68 172 137 63 27 66 162 247 180 65
2 6 60 181 151 67 29 44 64 176 249 178
1 2 54 187 162 67 28 47 30 64 170 207
2 4 45 184 190 64 13 42 44 19 62 147
7 5 34 174 202 94 20 24 40 17 70 190
7 3 24 159 201 109 38 23 28 16 79 175
5 2 19 141 201 121 47 20 20 13 82 201
3 6 19 120 191 124 49 12 10 7 54 185
6 3 14 106 186 130 55 17 4 3 20 101
1 6 5 92 181 137 62 21 1 0 5 26
7 6 2 74 168 141 70 27 1 4 5 7
5 2 6 61 158 149 82 35 3 5 9 7
5 6 5 49 141 145 85 39 3 7 11 10
3 7 7 42 132 142 80 41 8 12 13 12
6 6 8 35 132 152 83 44 11 10 9 10
5 8 7 26 130 161 92 48 10 8 10 11
4 5 4 18 124 161 94 52 12 10 11 10

59 23 7 7 1
10 8
106 198 249 232 165 71 14 10 82 224
252 249 186 98 39 3 9 11 72 211
205 124 66 23 5 7 2 11 109 234
72 26 13 1 3 9 6 57 197 255
14 6 5 7 3 6 67 173 255 240
7 3 2 4 9 59 153 230 222 127
1 6 8 8 60 143 210 208 138 49
6 4 12 75 153 199 191 146 86 31

57 15 7 7 1
10 18
5 10 12 13 14 12 12 17 19 15
2 4 10 13 13 10 11 16 18 23
4 7 6 10 11 5 10 39 90 93
5 5 1 5 11 24 73 162 217 194
5 7 4 5 43 117 206 255 203 191
4 5 24 72 167 243 244 169 62 140
12 51 130 216 255 209 111 27 12 131
104 181 243 237 150 60 8 11 2 119
227 229 185 104 23 4 5 5 8 131
203 116 48 11 3 2 2 5 68 213
77 19 4 8 5 5 10 62 186 255
12 10 11 10 2 18 64 160 240 201
5 4 3 2 22 71 146 198 183 107
8 6 3 13 83 159 195 174 128 75
10 8 16 80 170 186 154 117 85 47
4 32 90 171 188 126 91 75 50 24
25 100 170 177 117 71 79 66 36 15
100 163 158 100 61 68 75 46 18 7

66 24 6 7 1
9 11
215 110 14 7 24 23 13 21 43
240 108 12 10 30 28 14 5 26
215 73 4 5 34 40 23 11 17
114 26 9 13 26 43 39 23 5
60 15 13 9 17 34 48 46 22
46 16 4 4 7 23 41 53 44
25 11 4 2 4 5 18 36 44
22 10 3 4 2 2 4 15 32
15 7 2 4 4 6 9 8 24
5 4 3 2 4 7 11 10 17
4 4 4 4 4 5 7 6 5

4 9 7 7 1
5 12
24 32 58 169 255
37 44 118 255 255
41 50 207 255 255
15 70 255 255 163
10 145 255 255 56
18 250 255 184 14
65 255 255 102 8
96 255 255 58 6
107 255 252 34 3
109 255 229 23 4
109 255 215 18 4
99 255 250 23 3

46 23 7 7 1
14 8
4 3 3 6 3 0 0 0 1 3 3 5 9 8
4 1 1 5 7 8 8 8 9 5 9 17 41 110
56 34 22 15 7 4 7 7 11 17 60 131 234 255
255 224 196 172 146 103 71 61 70 151 254 255 255 255
255 255 255 255 255 255 255 245 255 255 255 255 172 82
93 118 146 173 198 223 251 251 255 233 153 77 30 18
16 16 20 32 43 49 69 83 74 40 17 13 7 5
5 8 5 2 6 4 9 13 22 16 5 3 9 7

54 1 7 7 1
16 9
35 23 11 11 9 11 8 6 7 10 12 12 18 24 27 37
179 152 102 57 32 24 20 13 16 17 12 6 14 24 22 39
230 241 221 180 125 76 40 15 19 14 11 5 17 24 16 51
117 166 214 244 229 178 109 39 10 17 17 10 24 20 17 76
42 62 105 171 224 245 224 144 49 19 24 18 13 17 18 90
11 21 23 66 124 189 255 255 161 63 21 13 10 26 29 110
7 8 1 17 38 74 170 255 255 172 59 14 18 35 37 133
6 4 9 4 3 10 56 156 255 255 145 33 18 27 42 157
4 7 4 9 5 7 2 42 155 255 247 109 16 23 52 180

32 26 7 7 0
16 8
71 71 71 72 75 77 75 72 73 71 71 78 80 82 81 81
57 57 57 57 57 57 58 59 60 61 62 62 62 63 64 64
54 54 53 53 53 53 53 53 54 55 56 56 52 53 53 53
56 56 56 55 54 54 53 53 53 54 54 54 55 55 55 55
55 55 54 53 52 52 52 52 52 53 53 53 54 55 54 54
55 55 54 52 52 51 55 54 54 54 54 54 55 55 55 53
55 55 54 53 52 52 55 53 53 51 51 50 50 51 53 53
54 53 53 53 53 53 52 53 53 53 52 52 49 50 51 50

13 5 7 7 1
9 10
4 13 15 9 9 17 24 28 32
12 18 21 16 12 18 17 3 27
19 36 53 51 41 36 27 31 28
49 84 107 94 87 67 50 49 43
88 113 112 90 101 107 81 61 67
104 105 80 56 56 91 81 84 104
102 85 51 14 46 101 109 113 122
83 52 40 39 99 134 132 137 138
83 42 15 53 117 146 149 159 143
86 49 21 61 120 144 147 147 110

14 7 7 7 1
16 7
10 10 11 8 7 15 23 21 20 22 23 30 36 46 62 25
20 23 21 17 20 22 18 15 19 22 18 29 37 45 48 4
39 41 43 52 69 93 79 46 32 35 29 39 46 44 32 13
17 12 38 89 113 140 147 91 42 38 48 51 44 28 12 25
37 31 43 88 73 71 124 115 70 66 66 56 30 10 10 34
21 36 97 80 20 55 71 91 91 85 66 46 14 4 14 38
23 86 109 34 42 65 81 109 127 94 44 16 13 22 22 32

37 23 5 6 1
39 20
11 7 4 4 2 4 3 8 5 3 7 8 3 2 2 4 4 5 2 11 5 7 34 21 28 22 31 36 52 14 7 1 23 30 12 2 4 2 0
8 5 4 4 2 4 2 7 8 7 11 11 5 5 2 5 10 11 13 15 10 16 36 6 40 32 10 23 36 13 2 8 23 25 12 3 3 2 0
9 11 7 4 2 4 4 5 8 8 9 7 4 8 8 4 4 9 2 11 10 30 33 23 44 27 14 16 23 13 1 11 21 24 13 1 3 4 5
8 3 5 4 4 3 5 4 1 1 3 5 5 3 10 8 3 3 8 11 14 37 12 49 39 10 15 26 19 9 3 9 23 26 10 4 4 5 8
6 3 3 9 9 7 4 3 4 5 6 6 11 7 12 9 1 10 14 4 28 22 20 43 24 15 33 28 15 4 5 15 29 25 8 8 4 5 8
47 26 31 38 34 36 32 25 20 20 19 17 12 4 9 4 4 8 9 10 27 24 18 35 30 34 44 20 23 5 1 21 30 18 5 6 4 4 8
58 33 42 48 42 46 48 47 46 45 44 42 44 44 42 41 34 27 26 28 44 53 39 57 54 51 40 23 24 7 7 26 28 10 4 4 6 4 8
41 17 32 37 28 29 30 29 32 31 30 28 32 37 48 55 62 59 46 41 38 59 63 68 53 33 7 31 32 9 10 31 26 4 7 3 7 4 8
51 22 38 31 13 7 9 7 7 3 5 7 10 12 19 16 17 26 29 24 24 28 30 29 25 15 18 40 26 13 10 30 19 4 7 4 2 5 3
63 17 46 28 19 11 15 8 1 2 3 5 7 9 5 10 11 4 4 8 6 6 9 3 3 5 22 42 18 10 11 25 18 4 3 9 8 6 8
61 7 48 23 11 5 3 8 10 7 5 3 5 7 7 6 11 10 5 2 1 3 5 5 7 10 29 41 15 7 14 24 15 4 2 7 12 5 11
64 13 54 32 22 13 12 13 5 3 1 5 8 5 2 2 6 4 5 6 3 4 7 8 6 9 35 38 11 4 11 22 15 4 2 5 11 9 14
65 17 47 37 40 38 37 37 29 28 26 23 23 22 23 23 26 26 24 19 16 16 20 24 27 32 44 23 3 5 14 23 15 4 2 3 8 13 39
56 48 46 14 3 8 12 19 19 23 27 29 32 30 29 29 32 33 30 29 31 32 36 35 44 43 31 5 10 9 20 23 14 2 0 1 2 11 70
22 46 60 60 60 59 55 54 52 50 47 45 40 40 39 37 32 27 24 20 14 11 11 6 4 3 9 16 1 16 20 20 11 4 6 6 5 17 108
30 23 23 28 34 35 36 43 46 49 54 59 57 57 57 58 56 50 46 41 34 30 28 25 23 21 16 8 4 13 18 18 10 5 4 6 11 23 135
41 36 22 19 14 10 11 17 17 12 6 2 4 7 9 12 16 17 23 27 23 20 15 8 6 4 4 4 5 12 20 21 10 2 3 1 8 19 152
39 40 29 20 15 15 11 11 17 19 19 22 30 32 29 34 38 37 37 30 21 18 12 8 9 10 8 9 9 12 16 18 11 1 1 3 9 30 177
32 39 33 19 13 19 14 6 8 9 13 17 26 29 25 29 32 31 25 17 14 11 5 4 5 6 6 4 4 8 16 19 11 2 3 2 11 60 196
24 36 35 19 10 18 17 13 15 13 16 17 22 21 15 18 20 16 9 8 10 6 6 3 1 2 4 2 5 10 17 17 9 1 2 3 16 89 194

3 19 7 7 0
7 12
70 58 41 26 17 16 18
70 60 44 25 16 16 17
71 65 50 27 16 16 17
72 70 58 35 18 16 17
78 70 67 46 19 16 18
84 77 77 62 29 12 22
87 83 84 76 47 13 21
85 85 85 80 63 19 16
84 87 85 81 85 40 16
86 87 85 83 86 73 28
86 86 85 83 82 83 58
85 86 85 83 82 83 81

37 6 7 7 0
19 14
101 105 105 106 106 104 107 105 106 104 101 93 87 83 82 84 85 87 88
101 104 108 107 107 105 107 105 108 107 105 99 93 87 85 85 85 86 86
109 107 110 105 106 106 105 104 106 104 104 102 98 96 91 86 85 84 83
109 108 106 106 107 107 107 107 106 104 104 104 101 99 95 89 87 84 82
86 110 105 106 107 109 110 110 108 105 105 106 104 101 98 94 90 85 80
55 102 112 106 109 111 113 113 111 107 106 106 105 104 103 101 98 90 83
37 76 113 106 109 112 114 115 115 110 107 106 105 107 108 108 106 98 90
37 58 102 113 109 114 115 113 114 112 110 108 107 106 106 107 105 101 98
33 49 92 115 112 112 113 112 114 115 116 115 114 112 111 108 106 104 104
29 38 80 116 116 111 114 114 115 117 118 116 113 112 112 112 109 105 104
28 33 70 113 118 112 116 117 116 116 116 112 109 107 111 116 113 106 102
30 33 65 107 120 115 120 120 117 117 115 114 114 111 113 116 115 111 108
28 31 61 105 119 116 119 120 115 115 117 117 117 114 114 117 119 117 113
29 32 64 107 119 117 117 118 116 117 118 118 118 116 116 119 121 119 114

0 33 7 7 1
29 6
102 100 8 12 5 3 7 5 8 3 5 1 8 18 76 143 164 134 63 6 18 18 10 8 8 4 5 1 4
98 105 13 7 5 5 4 6 5 1 6 7 16 17 22 57 111 162 154 117 78 51 42 36 18 17 8 9 2
98 111 9 1 8 6 4 6 5 4 2 9 16 11 13 16 32 81 120 142 149 143 140 143 127 109 106 113 105
112 119 14 4 6 6 3 3 1 3 2 8 17 12 10 11 7 21 36 47 57 65 77 100 110 108 115 123 129
132 132 25 5 6 8 3 5 7 8 8 8 16 15 6 11 6 7 7 4 4 4 6 7 12 13 21 23 29
134 137 30 3 3 13 5 7 9 9 12 4 15 16 5 9 8 9 11 11 10 5 15 9 13 10 13 5 9

33 17 7 7 0
15 5
75 66 58 54 59 60 55 59 55 69 116 126 130 78 37
66 63 49 56 50 53 50 50 51 79 115 135 87 53 91
60 48 50 53 50 53 50 45 52 79 112 92 70 161 75
67 54 55 51 51 54 49 44 49 78 113 37 107 84 47
69 57 60 57 57 57 51 49 54 98 51 59 83 56 67

6 14 7 7 0
30 10
153 152 150 147 143 140 139 139 135 141 147 146 136 131 131 130 130 130 131 129 129 136 134 142 139 134 135 127 83 80
151 149 148 145 141 139 138 138 136 141 148 146 137 132 132 131 130 131 132 133 131 137 135 142 138 136 140 106 68 81
148 146 146 144 140 137 137 137 137 143 149 148 139 134 134 133 133 133 134 135 133 139 136 143 137 132 130 88 66 76
146 145 145 142 140 138 138 138 138 144 150 149 139 136 135 134 134 134 136 135 134 141 138 145 140 139 113 75 66 58
145 145 145 143 141 138 139 139 139 145 151 149 140 136 136 135 135 136 136 135 134 141 140 147 143 142 99 66 63 49
144 144 144 143 142 140 138 137 139 142 148 149 145 137 134 134 133 135 141 135 136 139 141 147 148 139 90 60 48 50
132 142 138 133 131 136 139 139 138 145 150 147 138 134 136 137 134 134 140 136 138 140 142 145 144 135 92 67 54 55
94 107 127 128 126 128 130 133 135 145 152 148 140 136 138 140 135 134 138 137 137 138 142 146 145 133 91 69 57 60
66 72 81 96 110 117 126 138 128 138 143 139 136 134 136 139 135 132 134 134 129 128 136 143 144 135 91 69 63 73
57 62 62 72 86 97 106 113 123 135 140 136 132 129 132 136 133 130 130 137 131 131 139 143 141 136 98 81 72 74

19 25 7 7 0
28 9
131 135 139 145 147 146 147 152 143 147 153 148 147 144 142 140 139 136 134 132 128 125 123 122 120 119 119 116
82 76 77 80 80 78 73 75 64 63 66 61 64 61 58 55 54 57 57 55 53 54 55 57 55 54 52 49
58 62 59 59 58 54 59 60 55 55 56 53 52 53 53 55 56 51 48 47 47 50 54 52 51 51 51 49
68 67 63 62 60 58 54 54 53 52 52 52 53 52 51 50 51 50 48 48 48 51 53 52 52 54 56 55
65 65 58 53 50 47 55 55 57 57 57 55 50 49 49 50 50 53 53 53 53 53 53 52 51 53 55 54
56 56 54 51 50 51 51 50 51 52 54 55 53 51 51 51 51 55 57 55 49 51 57 54 53 53 55 57
52 56 55 52 52 54 56 54 52 52 53 54 56 54 53 51 49 56 56 56 55 55 54 56 54 55 58 62
57 54 51 53 54 52 51 52 53 54 57 57 55 56 55 55 56 55 52 53 59 58 53 53 53 53 56 59
57 55 53 56 58 56 63 62 60 57 55 54 57 58 54 50 51 52 52 51 52 55 59 56 56 56 58 59

0 19 7 7 1
14 21
9 8 3 15 22 98 101 76 30 16 20 26 20 8
8 7 5 1 55 205 187 193 135 93 44 40 31 32
8 7 5 6 68 200 143 151 171 175 139 86 61 52
7 6 5 13 86 186 98 32 87 130 155 149 117 91
6 3 2 14 96 198 108 27 12 26 51 100 120 109
4 3 3 10 98 197 103 16 5 15 2 29 73 99
8 5 6 7 90 233 123 12 10 26 12 10 25 59
10 11 8 5 62 244 240 91 29 12 9 2 3 6
17 17 17 3 19 144 255 248 115 23 20 17 7 8
19 19 23 17 25 38 141 255 255 123 21 3 8 14
22 14 12 4 19 15 26 105 238 254 162 48 9 5
11 7 21 15 31 20 22 11 83 197 255 216 76 3
9 7 19 8 16 12 15 8 10 47 159 255 231 109
5 6 18 8 9 10 5 5 10 8 42 130 232 255
2 5 16 4 4 5 7 4 3 4 16 33 74 205
4 5 12 1 6 4 4 2 9 10 11 18 9 46
6 6 11 1 8 9 8 8 7 5 6 11 16 9
7 7 9 4 1 3 4 4 3 6 10 9 4 7
8 10 8 4 4 4 4 4 4 10 13 6 2 1
13 16 13 8 5 4 4 4 4 10 13 7 2 3
11 22 23 14 5 4 4 4 4 11 14 7 2 5

34 1 7 7 1
14 21
22 10 12 6 6 14 25 9 18 18 18 16 16 21
16 12 14 9 8 16 28 16 21 26 23 17 13 17
12 11 10 6 4 23 33 17 15 20 20 19 23 32
9 11 8 8 15 28 20 5 3 17 36 72 104 120
10 11 5 11 21 22 16 25 60 99 122 135 133 118
10 16 5 8 6 20 57 89 113 120 94 65 49 35
18 15 6 7 19 77 124 121 83 43 14 13 25 30
6 20 18 44 87 112 68 45 32 24 16 50 60 41
19 29 46 115 89 10 55 77 50 47 85 83 50 21
17 26 117 104 22 54 47 99 89 104 84 39 11 9
20 114 105 15 37 79 137 78 56 60 32 14 6 10
109 133 38 46 97 142 63 25 34 22 34 23 6 7
151 45 55 63 137 50 9 23 22 14 21 15 35 46
136 57 83 125 66 13 18 9 12 19 23 71 64 44
93 45 85 73 38 35 30 22 3 52 145 132 107 57
62 49 54 30 28 42 39 22 67 158 167 71 111 148
59 49 23 23 24 31 34 39 125 157 39 142 183 70
60 28 11 13 16 23 20 56 131 107 108 107 112 142
30 1 3 1 2 18 10 71 127 72 148 65 42 158
40 17 18 14 13 23 8 89 103 122 68 136 168 141
32 34 44 34 34 32 33 118 46 65 96 45 77 73

29 0 7 7 1
10 23
13 7 6 10 14 13 16 13 12 10
8 6 4 9 12 10 15 10 14 10
4 5 7 8 11 7 13 8 15 9
5 5 7 3 9 9 13 8 18 12
6 3 6 6 6 6 7 3 16 10
12 9 11 14 6 6 5 6 12 6
20 10 16 15 6 12 1 3 11 1
20 19 12 19 1 14 8 5 16 13
11 22 4 20 8 11 11 13 19 22
7 17 4 17 12 3 7 25 7 73
12 21 9 20 23 12 10 22 65 135
24 27 10 15 24 33 4 53 148 89
26 25 10 5 4 29 53 132 108 46
23 17 5 10 11 57 129 126 22 55
20 14 9 18 15 84 155 63 59 54
20 16 11 14 25 125 148 35 72 103
22 18 12 9 69 167 123 44 57 63
23 16 13 25 122 177 95 49 44 25
21 14 22 43 147 162 81 38 16 13
16 7 19 64 158 136 62 16 16 16
13 8 18 80 161 108 43 7 19 25
22 6 16 79 149 94 46 29 15 21
39 14 14 79 147 91 37 41 40 42

60 11 7 7 0
12 23
42 34 32 26 42 60 61 66 59 62 59 48
51 51 45 33 38 52 59 64 60 64 61 48
45 59 54 47 39 44 61 64 63 67 59 51
32 43 47 54 44 44 63 65 64 66 56 52
27 25 35 52 50 48 60 61 63 65 51 53
26 19 30 45 53 52 54 60 63 65 47 55
31 23 29 36 52 55 51 67 64 65 45 58
36 24 26 32 46 54 53 56 67 70 44 57
36 37 34 33 38 47 56 61 66 67 44 58
43 49 47 42 40 45 57 69 63 58 45 62
51 57 53 49 48 51 58 64 63 54 47 66
121 107 87 63 51 52 58 62 66 54 49 70
151 145 114 75 51 47 54 62 63 56 51 78
113 81 69 53 44 46 55 63 56 56 54 88
94 44 57 59 40 47 56 59 56 52 55 94
143 129 136 110 55 43 49 53 58 51 60 99
164 141 124 82 51 47 60 59 58 53 69 103
82 82 66 41 55 62 68 54 53 52 77 106
63 66 69 65 73 57 53 51 48 50 83 108
55 69 63 61 66 58 56 62 49 51 91 109
68 70 59 64 62 63 59 66 55 57 99 111
59 57 58 68 63 60 56 63 52 68 106 113
58 59 60 61 59 56 51 48 57 87 113 116

4 18 7 7 1
35 23
64 17 5 5 1 10 51 116 164 189 203 169 106 60 23 18 5 14 11 5 5 5 12 12 10 8 12 15 9 14 38 107 156 75 35
86 13 13 12 8 7 4 28 60 91 150 191 191 168 116 67 60 62 46 58 48 52 46 36 36 22 20 24 18 21 55 128 151 53 33
174 75 16 5 14 13 5 6 29 45 71 110 137 157 155 127 119 133 128 117 111 117 119 112 103 95 88 92 87 89 115 142 112 46 18
209 195 100 29 12 6 13 25 13 22 19 52 90 100 87 52 32 25 15 23 15 21 29 31 33 40 43 45 40 45 53 46 100 110 77
112 191 196 121 48 6 8 13 12 14 7 12 52 89 112 83 29 64 30 18 4 13 15 22 18 29 30 30 26 30 30 19 24 49 52
27 85 168 198 144 48 17 13 15 14 13 4 11 55 111 144 100 92 70 60 73 73 67 76 70 65 60 62 60 58 56 54 55 54 44
25 25 69 158 209 165 63 11 19 10 6 13 25 47 70 65 26 32 31 21 18 9 1 3 5 6 15 18 16 15 10 12 13 16 18
35 19 13 61 137 206 184 88 17 15 21 27 19 62 90 79 20 30 26 8 2 3 7 9 5 8 15 15 10 13 8 8 9 11 11
42 32 17 20 40 109 191 191 108 21 4 21 15 58 89 66 18 42 23 17 14 7 4 2 5 10 10 11 7 9 3 6 8 6 6
38 46 32 12 10 31 98 173 187 127 46 16 10 57 85 64 24 24 18 13 9 7 5 5 4 8 7 10 10 6 3 6 5 6 10
17 33 40 26 13 17 44 90 153 200 171 74 32 66 78 44 6 10 8 11 13 10 4 4 3 9 6 9 8 9 14 21 15 12 13
7 14 31 33 17 5 15 33 58 137 210 182 85 86 78 42 8 12 10 8 9 10 6 7 7 4 6 7 9 10 7 14 11 5 4
8 11 19 22 17 5 6 7 8 37 106 173 163 131 112 78 48 58 54 45 42 43 45 45 43 40 41 42 43 27 10 11 8 5 4
10 14 22 26 22 13 14 11 13 16 15 60 96 87 85 78 74 83 86 88 90 90 90 91 90 88 75 81 87 66 66 47 19 13 10
11 16 24 29 26 14 8 11 16 17 14 6 11 13 18 20 22 26 22 29 37 36 34 37 41 47 34 42 58 56 84 86 38 11 34
10 15 23 28 26 15 10 16 5 14 17 10 6 5 6 5 8 12 5 1 9 7 3 5 7 20 7 4 13 15 62 106 108 83 56
4 7 16 25 27 23 28 27 16 14 16 14 15 16 12 14 16 23 17 16 20 18 19 18 15 31 27 19 17 16 37 72 98 111 103
7 5 6 16 22 20 22 25 17 11 15 11 14 16 13 17 14 17 14 16 20 18 22 17 13 20 26 27 27 21 22 22 26 39 48
8 4 4 9 13 13 11 12 13 12 13 12 12 14 13 15 13 14 10 13 15 15 14 16 15 13 16 19 21 22 20 16 14 16 17
11 7 5 10 14 13 11 12 14 14 14 15 13 15 15 15 16 17 14 15 17 16 14 18 18 13 13 15 17 20 20 20 23 24 22
8 7 5 11 17 14 10 12 15 15 14 17 15 17 16 16 18 19 17 16 19 17 16 20 20 14 12 14 16 18 17 16 20 22 22
7 2 4 11 19 16 9 9 12 13 12 16 13 16 14 14 16 17 17 14 18 17 16 20 21 17 14 16 18 19 17 12 12 14 14
5 2 6 7 16 16 9 6 7 8 9 13 9 13 11 11 13 12 13 10 14 13 11 15 16 15 14 16 19 20 19 14 14 14 14

0 2 7 7 0
23 12
134 134 134 134 134 134 132 132 131 129 126 127 128 127 127 127 127 127 128 125 125 125 125
120 119 119 120 120 119 120 121 119 116 115 115 117 120 118 120 122 120 121 121 121 122 123
124 123 124 125 125 122 121 118 113 109 106 105 105 101 97 100 101 98 99 100 100 100 101
131 130 130 132 132 130 129 126 121 115 112 113 114 117 113 115 116 113 113 106 105 103 102
129 128 128 129 130 127 126 124 120 116 115 117 119 117 113 115 116 113 113 115 115 114 113
132 130 129 130 129 126 123 120 117 114 113 113 114 114 111 114 115 113 113 111 110 110 110
133 130 129 128 126 122 120 119 118 116 115 114 113 116 113 116 119 117 118 119 118 118 117
133 132 129 128 126 121 113 110 112 114 114 114 114 115 113 117 120 119 119 119 119 118 117
129 131 128 127 126 120 117 116 115 115 115 116 117 116 113 119 123 117 114 120 120 119 118
131 132 129 126 125 118 115 110 108 113 116 117 120 121 118 120 120 119 123 123 122 120 120
131 132 129 126 125 117 112 90 64 67 84 108 129 126 126 123 118 120 127 125 123 122 121
128 130 128 127 127 120 115 78 34 30 40 60 85 108 123 130 126 121 119 123 124 123 121

6 18 7 7 1
30 18
101 24 5 5 10 2 5 1 10 41 85 124 157 171 136 65 52 73 81 82 83 84 78 62 58 60 64 70 81 76
194 107 28 11 7 5 11 8 5 12 42 65 78 105 107 43 24 36 21 26 31 37 48 44 53 54 52 51 46 38
194 214 137 35 8 14 7 3 5 12 4 22 42 96 140 101 67 65 43 50 57 60 74 73 88 80 75 74 75 74
74 159 203 146 69 23 1 6 3 13 5 15 16 56 106 87 47 50 38 44 46 45 46 46 48 35 33 37 42 40
14 53 128 183 176 109 38 7 11 8 2 17 24 51 90 54 14 23 21 22 17 10 5 1 5 7 7 11 10 7
18 27 37 91 171 199 150 63 19 9 10 4 30 74 101 41 21 26 23 20 12 3 5 3 3 3 2 8 13 9
26 27 14 17 68 152 207 175 100 23 6 15 48 80 76 20 28 20 20 19 12 4 8 2 3 2 2 8 8 8
33 35 17 14 10 42 115 193 189 110 42 3 31 63 77 22 23 22 22 21 15 9 9 6 5 1 2 11 6 5
34 38 19 10 11 6 9 90 182 200 155 72 31 61 71 21 29 19 18 15 5 2 2 6 7 4 6 14 8 12
31 36 17 15 20 15 11 11 68 147 198 183 124 132 104 30 33 25 36 33 25 24 25 25 18 13 14 21 13 7
30 36 11 7 16 13 13 8 6 31 95 136 138 127 105 87 94 87 95 92 84 86 90 99 98 90 81 82 66 20
25 37 16 5 6 2 2 11 9 1 11 28 41 45 40 47 60 71 82 81 73 75 75 80 86 89 85 102 118 75
21 37 26 15 10 5 6 6 7 6 5 6 4 4 6 3 7 8 18 18 12 11 10 10 13 21 23 53 111 124
19 36 28 22 17 9 9 8 9 10 5 4 3 2 5 3 9 6 16 16 13 11 12 20 23 20 13 24 63 100
15 33 27 28 26 16 14 10 11 16 14 10 11 9 11 8 9 4 10 13 12 9 12 11 18 17 18 19 24 35
11 28 21 25 28 20 18 12 15 17 21 19 20 17 20 18 13 9 10 14 15 14 11 8 10 14 22 19 11 12
3 20 13 16 24 22 22 16 16 14 20 22 22 19 22 23 23 23 22 23 24 25 22 24 21 24 29 28 22 24
4 14 10 9 18 21 23 20 14 15 17 19 18 16 18 20 19 17 15 15 15 16 17 19 17 16 23 27 28 27

55 23 7 6 1
14 20
67 86 78 58 120 108 38 21 10 5 10 12 18 72
122 255 255 255 255 118 32 10 4 7 6 11 2 138
255 255 223 113 255 255 68 34 5 10 6 5 48 198
255 86 147 255 255 244 96 37 11 7 6 11 122 205
168 51 103 145 101 113 75 36 14 10 8 62 188 161
148 93 135 245 255 255 63 44 29 14 42 149 194 88
255 116 70 161 255 255 39 45 12 20 115 196 127 20
255 255 255 255 255 132 17 28 19 106 188 157 44 13
93 149 145 118 45 30 35 42 107 201 164 66 6 10
63 57 60 62 31 20 60 123 189 172 61 6 7 7
46 34 23 4 14 64 149 182 151 66 3 5 10 8
1 4 12 31 87 153 172 116 45 5 3 10 6 7
14 35 66 113 155 147 87 22 9 4 11 6 7 10
63 93 111 112 104 66 17 7 10 14 8 2 6 9
63 82 82 64 51 27 9 13 18 9 1 4 8 12
51 63 55 32 25 16 5 8 6 3 4 10 8 10
56 57 38 12 10 17 9 4 2 3 5 6 3 7
44 34 16 6 1 10 15 11 6 4 6 11 12 19
24 12 8 7 4 3 7 9 8 6 6 6 11 16
7 3 4 5 6 4 12 10 3 4 5 4 5 11

0 25 7 7 0
38 7
104 107 110 111 112 112 89 55 44 47 63 79 90 81 86 131 91 75 164 180 186 210 133 79 82 83 79 80 81 94 108 119 127 133 139 145 148 144
109 110 111 112 111 111 91 58 48 46 52 76 86 91 96 135 81 85 102 119 175 191 174 113 74 91 86 83 81 86 94 102 113 117 117 119 125 134
110 109 112 115 114 114 93 62 54 47 43 66 78 89 94 135 82 97 128 111 130 156 185 130 76 101 91 86 82 85 88 92 98 107 113 119 123 122
108 107 111 116 117 116 95 62 57 50 41 45 66 85 90 116 89 126 207 182 160 178 188 129 80 87 81 86 82 89 95 98 101 104 106 111 116 122
110 107 110 116 114 116 97 61 58 54 45 37 53 69 89 104 107 100 161 197 172 178 156 97 81 80 78 82 78 87 95 100 106 107 105 103 105 111
109 109 109 118 116 112 98 63 60 58 50 48 44 49 68 85 105 106 106 124 134 124 96 84 91 85 82 83 82 89 93 96 99 101 101 103 105 109
110 111 108 120 122 112 100 71 59 58 51 47 44 47 52 66 89 116 118 110 95 81 88 86 74 64 70 83 95 94 91 90 94 98 98 100 105 109

25 8 7 7 1
29 8
12 22 35 49 58 43 58 121 77 44 41 7 19 24 30 60 124 116 40 14 10 7 10 22 11 12 12 15 23
6 33 25 32 27 68 44 56 120 99 54 31 12 24 29 49 109 103 39 17 8 6 19 31 17 18 17 21 27
24 33 19 21 14 25 44 43 40 144 122 50 27 4 15 36 104 104 38 16 7 7 26 32 16 16 13 18 24
38 41 44 43 20 16 9 45 72 45 159 95 24 17 15 36 110 113 45 23 15 9 19 20 9 15 18 26 28
119 48 32 22 20 38 25 17 73 72 97 167 61 9 18 45 114 112 51 29 22 13 23 24 8 6 7 20 29
199 96 28 21 14 20 42 26 30 88 16 153 123 15 22 37 109 95 41 27 18 11 26 25 3 11 10 17 22
99 129 76 25 10 4 17 22 23 70 96 77 135 42 15 40 117 99 30 20 17 10 25 19 9 14 12 22 21
132 23 132 88 27 21 17 20 20 37 89 55 101 52 11 35 118 92 22 21 18 14 24 11 5 13 13 24 23

31 7 7 7 0
6 18
101 81 69 64 50 52
114 105 77 63 62 50
96 102 100 75 60 62
85 89 99 103 77 62
83 81 74 102 109 63
77 84 88 81 104 100
73 76 74 77 88 113
72 70 73 77 80 101
69 72 70 69 76 80
73 64 74 62 72 63
54 70 54 60 66 59
51 72 63 67 64 61
53 72 68 73 71 65
59 75 82 87 84 73
65 90 105 100 94 83
65 95 113 107 96 87
73 98 119 108 100 85
96 99 102 104 98 87

9 31 7 7 1
8 7
14 26 78 138 157 74 49 116
34 17 22 71 150 185 121 41
39 32 11 12 45 122 186 177
112 97 91 78 55 28 25 93
122 99 98 111 99 90 77 47
50 29 28 48 49 54 64 50
37 17 22 23 9 18 30 28

33 26 7 7 0
31 7
120 126 124 124 132 139 142 146 147 145 148 137 139 135 130 126 122 116 114 116 117 119 122 118 116 116 122 130 133 118 89
118 124 124 121 122 119 119 119 121 127 134 130 135 134 137 142 139 152 148 149 142 130 125 115 108 113 122 117 100 75 57
110 114 117 118 118 118 118 117 115 118 122 121 120 115 117 122 122 114 128 147 154 155 160 167 180 169 116 67 50 44 49
102 104 109 113 113 115 117 118 118 121 124 125 122 118 114 112 111 116 117 118 114 115 124 133 149 141 88 49 48 50 50
99 101 104 108 110 115 118 119 117 117 119 117 117 122 119 114 114 122 119 116 108 104 109 117 124 106 63 43 50 50 49
98 103 103 104 108 113 116 118 116 113 113 114 113 118 115 108 108 106 99 99 97 94 94 99 122 96 53 43 52 48 49
106 107 102 101 105 102 103 107 112 114 112 111 110 110 105 101 102 100 86 85 84 84 91 100 113 84 52 46 48 45 48

7 9 7 7 0
9 19
55 70 87 80 84 82 76 82 80
57 71 81 76 83 83 78 84 76
63 73 72 71 77 78 76 79 81
71 75 72 71 74 75 73 75 76
75 75 77 75 74 74 77 78 74
75 72 76 74 71 72 78 81 59
77 73 71 74 74 78 78 65 54
77 74 73 75 74 73 66 52 69
79 77 73 76 77 75 65 52 59
80 79 74 76 81 77 65 56 67
78 78 78 78 80 73 60 55 67
74 74 80 79 81 73 61 59 71
77 74 81 80 81 69 62 74 78
76 73 76 79 89 74 57 60 74
77 76 78 78 87 74 72 84 133
73 81 79 81 83 75 96 110 79
61 78 78 84 82 84 111 97 76
47 71 82 83 75 91 124 84 74
39 55 82 83 82 85 115 82 74

15 10 7 7 1
35 9
30 69 103 106 71 17 43 67 56 44 44 42 20 39 85 91 77 93 67 16 13 26 32 12 44 81 69 21 18 19 18 12 15 9 9
114 78 29 35 67 73 44 34 28 39 53 71 84 95 129 93 86 103 49 12 3 30 30 27 99 75 18 15 2 11 10 21 24 16 15
98 112 102 91 58 31 2 23 34 35 36 45 23 34 81 62 100 107 25 14 20 35 17 88 94 24 30 17 3 10 13 10 12 12 13
23 22 27 49 56 56 61 78 93 89 86 82 64 69 80 53 102 90 10 14 42 24 65 88 31 27 28 15 8 6 16 18 12 10 32
27 15 16 27 41 46 41 43 56 58 59 73 73 68 82 60 100 70 9 22 41 15 71 45 34 34 34 35 24 16 24 33 23 45 69
11 28 43 39 34 37 43 36 31 38 48 59 41 33 49 52 93 60 14 30 21 38 54 29 27 23 18 31 36 36 31 33 46 64 39
111 104 89 74 64 53 30 21 10 10 21 15 16 10 24 47 85 59 19 37 8 45 32 22 24 31 19 26 14 28 39 64 47 51 95
119 152 173 182 175 160 139 108 79 67 56 30 18 4 21 58 81 44 18 39 8 42 30 22 25 42 28 26 5 27 76 56 48 119 91
106 90 65 16 39 83 128 168 190 199 193 155 109 63 37 65 72 38 37 39 8 36 28 17 18 36 32 24 16 37 54 51 137 59 97

11 9 7 7 0
30 19
50 50 52 55 57 62 63 60 74 73 69 66 60 50 53 45 45 48 43 44 45 38 40 46 53 51 38 24 32 29
48 50 51 53 60 56 60 70 93 97 91 70 69 54 50 53 41 43 44 42 41 42 39 40 42 42 37 32 28 31
47 49 50 50 52 54 59 66 100 124 108 68 64 63 54 40 45 40 42 41 41 46 42 40 40 42 45 45 28 30
46 48 48 47 50 46 52 61 95 121 91 68 56 55 56 37 49 42 39 36 34 35 34 35 36 37 40 42 32 26
44 48 47 44 41 38 46 40 41 40 37 37 35 32 49 55 58 71 59 41 35 30 32 34 35 34 36 39 36 26
44 47 46 42 39 40 35 21 54 101 88 56 45 32 27 28 61 98 82 45 34 26 33 34 33 30 32 36 38 30
42 42 40 38 29 32 29 64 122 148 105 80 80 74 50 38 31 51 68 52 32 32 31 32 30 27 28 30 34 32
44 41 36 32 28 29 57 59 39 41 31 22 34 47 64 92 51 25 40 64 49 26 25 27 26 24 25 28 32 30
43 39 31 24 28 43 41 32 43 63 35 24 19 16 33 67 70 40 33 51 48 25 24 26 26 25 27 30 31 28
42 36 27 21 31 38 23 31 51 41 26 28 34 28 23 31 45 46 21 25 40 27 25 27 27 26 29 32 32 27
42 37 31 25 25 34 36 38 42 41 34 25 22 22 24 32 35 39 19 22 36 25 28 30 30 29 31 35 36 29
43 40 36 32 37 33 30 44 46 25 34 32 32 30 28 30 29 28 26 26 32 41 35 36 35 34 36 39 39 31
44 45 35 27 24 19 38 48 38 28 27 27 29 31 30 28 30 33 32 33 35 31 37 41 42 40 41 45 42 32
45 38 34 39 51 106 119 80 61 63 48 47 45 41 38 37 35 35 30 31 35 34 41 41 41 42 42 42 42 33
47 43 46 61 84 86 70 58 64 61 63 67 70 74 79 84 89 88 78 66 55 42 47 43 42 44 43 39 40 32
46 48 54 64 47 56 68 62 49 38 38 38 38 40 44 48 58 69 78 87 92 90 94 85 78 72 64 57 57 49
45 47 48 52 55 114 143 112 92 95 55 47 42 45 46 44 39 41 38 41 47 47 46 52 59 68 75 79 81 77
46 46 45 49 92 120 126 131 139 121 68 54 46 49 48 42 43 46 45 45 45 41 46 49 49 47 48 51 49 48
43 52 55 42 61 29 62 112 118 139 93 63 50 47 50 41 47 46 44 44 44 45 43 43 44 46 48 50 50 48

61 28 7 7 1
9 11
138 47 11 9 15 10 43 38 6
66 27 8 9 1 38 47 21 5
29 25 6 13 35 55 36 8 4
53 24 29 17 37 40 15 6 9
66 51 25 16 44 33 5 2 14
22 18 19 32 46 22 6 6 14
37 41 17 34 20 2 2 12 9
10 29 5 17 6 11 12 21 10
15 19 9 13 6 6 19 28 17
20 11 13 4 6 5 22 25 9
14 7 12 3 5 16 27 21 6

34 10 7 7 0
8 23
112 108 76 59 63 74 68 56
106 102 63 57 63 70 58 53
107 88 50 57 59 58 57 55
106 76 46 52 53 54 54 53
105 63 45 48 50 52 53 53
102 54 46 49 50 53 54 54
97 48 45 49 50 52 53 52
86 47 46 49 51 53 54 53
85 47 47 49 51 53 53 52
83 48 47 49 51 53 52 51
80 49 47 49 51 52 51 49
79 49 47 49 51 52 51 48
75 52 51 48 51 52 49 50
75 60 54 52 51 49 47 47
75 69 63 56 50 48 51 50
69 67 67 61 54 49 49 49
85 79 78 69 66 64 63 68
224 217 216 221 217 217 223 220
237 240 246 249 248 248 250 246
185 190 196 204 212 218 218 220
131 132 137 143 151 157 155 156
108 109 116 122 127 132 130 126
95 95 104 108 114 118 116 112

12 8 7 7 0
16 19
129 131 133 126 129 132 129 130 129 128 128 127 127 129 127 128
130 132 132 127 129 131 129 128 128 128 127 126 126 126 125 127
131 133 129 127 128 130 128 126 126 126 126 126 126 124 122 125
128 130 127 127 128 129 127 126 126 126 126 126 126 124 123 126
124 127 125 127 128 127 127 126 126 127 128 128 129 127 125 127
121 125 124 127 127 126 126 127 127 127 128 129 130 128 126 128
119 125 126 127 127 127 126 127 126 125 127 128 127 123 124 127
120 126 128 128 128 127 127 129 127 126 127 127 125 123 124 127
122 127 130 128 127 127 128 128 126 126 127 125 123 123 124 126
123 129 130 128 126 126 127 126 125 126 128 125 122 124 124 126
124 129 130 126 124 124 126 123 123 125 128 126 122 124 124 126
122 127 125 123 123 124 123 124 125 127 128 125 121 121 120 124
122 123 125 123 125 126 124 124 125 127 127 124 121 120 121 124
124 123 123 121 122 122 118 121 125 127 126 123 122 121 121 123
120 116 119 118 121 123 121 121 125 127 124 122 122 122 121 123
136 126 120 116 116 118 119 119 125 128 123 121 123 122 122 123
146 148 144 132 124 121 118 118 125 128 122 120 123 123 122 123
113 142 156 166 163 149 139 131 127 122 118 118 120 122 121 122
76 94 115 147 172 182 184 176 167 158 151 139 126 126 122 117

41 27 7 5 1
27 17
255 255 255 255 255 255 255 255 255 255 226 140 93 57 44 130 221 255 255 201 85 73 141 209 86 81 122
255 253 233 209 197 167 121 66 24 59 91 104 122 172 238 255 255 249 94 62 171 176 199 38 85 39 87
68 70 95 132 178 215 230 227 214 203 193 171 184 239 255 255 192 52 81 75 145 81 222 107 105 63 46
202 207 225 247 255 248 214 186 158 143 137 125 140 174 176 127 44 35 83 69 200 249 186 52 87 49 40
152 161 169 171 158 132 116 106 89 82 80 72 83 114 120 73 9 37 58 20 66 172 95 50 83 40 32
74 81 93 99 89 79 72 61 50 46 44 38 60 102 92 53 26 40 47 14 6 61 51 86 95 31 22
56 60 65 65 57 53 45 29 14 8 36 52 79 107 95 77 59 26 44 5 26 100 111 98 76 19 24
34 30 29 28 26 22 13 1 22 43 52 60 113 172 166 151 151 73 106 97 111 148 112 59 39 16 29
16 8 13 16 16 11 11 21 42 50 40 40 48 115 144 157 193 163 158 128 102 97 55 26 19 9 20
21 24 32 38 43 41 49 50 50 34 18 33 33 36 34 28 63 79 60 37 22 23 15 18 11 4 21
8 14 20 22 21 13 10 1 12 23 35 51 60 68 62 38 18 6 13 5 6 8 7 15 9 11 30
33 36 39 38 36 39 46 42 33 25 19 20 27 29 18 15 16 4 14 12 9 18 16 20 14 15 26
27 22 20 14 7 13 15 10 9 6 3 10 15 6 20 27 20 6 22 12 14 30 25 21 11 12 19
7 2 1 3 3 15 23 18 14 9 5 5 14 7 21 18 9 7 21 7 22 33 23 12 9 9 16
5 9 8 6 7 3 8 13 13 11 9 9 12 6 17 16 12 12 26 12 29 30 15 3 9 12 16
7 10 3 3 4 7 2 4 6 6 9 12 13 7 16 20 14 12 23 15 33 26 14 7 7 16 16
10 15 4 4 3 2 2 7 7 5 8 12 12 6 15 21 10 10 14 20 29 19 14 11 5 14 12

25 25 7 7 1
15 6
6 7 14 19 15 3 5 6 4 8 12 13 8 9 15
27 15 10 3 5 9 9 5 4 2 3 4 8 14 12
127 111 87 64 53 44 31 16 12 9 8 12 11 10 15
77 104 126 137 142 145 144 134 140 117 118 114 81 59 39
178 156 132 104 83 63 43 25 19 39 66 86 105 113 118
143 164 180 182 180 180 177 173 166 190 158 87 27 25 49

42 3 7 7 0
30 17
121 110 113 109 120 115 111 125 118 122 120 115 126 119 126 114 120 115 118 119 123 117 118 120 116 124 121 128 121 126
119 107 113 109 119 117 113 126 117 120 118 115 126 119 127 114 119 115 118 118 121 115 117 117 114 122 118 127 118 125
115 104 114 110 119 117 111 126 117 118 117 115 126 121 125 116 119 116 117 116 119 113 115 116 112 119 116 125 117 125
111 102 114 113 121 113 106 125 115 116 119 116 126 122 120 117 119 116 117 115 117 111 114 117 114 120 116 125 118 126
113 102 113 112 121 111 104 125 116 116 120 117 126 121 114 120 121 116 117 114 116 112 115 119 115 121 116 126 120 127
117 104 109 108 120 115 107 128 117 115 121 120 126 120 109 120 122 116 117 114 117 113 118 120 115 120 116 126 120 128
119 106 106 104 119 119 110 128 120 119 119 119 125 116 107 118 124 119 117 118 119 113 117 123 117 119 121 125 121 125
116 108 111 106 116 118 109 128 123 124 123 117 124 117 111 118 121 121 115 116 119 117 118 116 118 120 118 124 121 121
113 110 117 110 116 120 110 129 123 124 123 117 124 120 118 121 117 121 115 113 115 116 117 117 123 123 119 126 123 119
117 113 117 110 118 122 110 127 120 119 118 117 122 118 118 124 120 117 118 117 115 115 119 122 112 115 126 128 120 122
120 115 116 108 117 119 107 124 118 120 120 117 121 115 114 123 124 113 120 122 119 119 119 101 76 93 126 125 117 125
117 115 118 107 112 120 108 124 118 121 121 117 124 117 111 118 121 117 119 117 116 113 95 59 49 86 125 125 117 125
113 115 120 108 110 125 111 122 118 117 121 119 126 120 111 114 117 120 116 112 107 90 61 36 48 93 125 131 114 125
111 116 118 113 112 128 115 121 122 118 127 115 124 120 112 116 122 124 118 104 77 49 42 38 47 90 120 132 108 125
108 115 117 113 111 122 110 117 120 119 127 119 127 121 113 118 127 130 99 63 42 36 41 42 41 93 119 129 113 119
117 117 115 108 107 123 114 118 123 121 126 124 126 125 127 127 120 79 56 39 38 40 42 44 40 103 124 131 119 114
153 150 145 140 137 143 132 130 130 124 124 128 130 132 129 110 81 43 41 43 42 38 43 39 40 105 123 127 118 112

2 12 7 7 1
12 18
36 59 30 39 37 19 14 37 22 15 12 23
26 49 50 95 72 52 33 26 19 14 5 23
32 55 90 130 74 86 81 50 14 23 30 40
48 45 84 105 28 27 55 85 82 51 16 14
54 58 91 100 18 14 7 41 80 102 98 71
42 57 109 103 19 12 9 8 17 47 77 89
37 59 120 95 11 9 5 6 8 6 17 21
39 64 140 101 19 15 3 8 9 10 10 13
34 62 141 130 57 31 7 4 10 6 15 6
18 56 109 124 110 99 41 3 9 2 11 7
7 48 71 69 97 149 116 45 19 4 8 4
11 53 46 15 17 80 132 131 99 53 5 13
16 51 47 28 20 8 49 122 174 161 92 19
28 59 52 16 11 6 31 48 98 175 173 96
35 57 39 9 13 19 25 59 9 82 144 128
40 69 54 12 22 29 4 49 30 37 84 74
31 62 53 13 29 38 8 54 46 38 62 13
31 53 45 16 15 57 11 74 32 38 62 9

21 11 7 7 0
13 22
136 134 133 141 130 139 129 126 135 135 131 138 138
134 131 134 138 132 139 130 131 137 138 131 143 136
131 127 135 134 133 138 129 134 137 139 129 145 129
129 125 135 131 133 137 127 134 136 138 126 146 119
122 125 132 124 127 135 135 134 139 138 134 140 124
126 127 133 125 129 137 130 132 135 135 137 135 124
130 131 137 128 130 133 125 133 133 135 142 135 125
125 125 134 128 130 131 132 138 136 135 139 129 134
150 142 140 128 128 129 131 136 139 141 144 144 148
235 222 214 204 211 218 217 216 220 218 212 218 209
245 250 218 181 176 165 164 162 158 152 148 144 140
246 244 192 144 139 136 139 139 137 136 137 138 135
231 241 188 142 134 131 130 128 126 126 128 130 129
232 241 172 127 125 129 132 130 129 128 129 129 129
215 232 164 129 125 120 117 118 119 119 119 118 119
222 233 154 121 122 121 114 116 118 117 114 110 111
185 200 141 118 112 113 104 111 109 113 109 108 103
136 155 130 128 117 118 121 120 114 124 121 115 118
138 143 134 142 128 136 143 137 131 142 138 135 142
147 136 135 144 128 139 138 139 139 144 138 144 147
141 126 132 143 131 139 134 140 144 145 134 146 147
150 129 129 135 130 140 134 139 144 147 132 141 145

59 0 7 7 1
10 12
16 17 9 7 7 16 21 29 38 37
22 28 25 7 15 14 8 7 8 11
17 33 41 21 7 13 15 18 17 15
5 18 35 35 25 21 18 25 32 27
5 6 15 24 33 41 40 34 25 14
3 4 8 17 22 22 27 28 21 10
5 6 5 10 15 9 5 15 20 20
3 9 14 19 20 17 11 1 10 18
19 12 4 9 14 13 17 16 11 5
68 61 47 30 22 10 2 9 14 7
71 82 70 51 38 30 24 18 7 2
5 36 51 42 39 37 27 27 25 8

65 20 7 7 1
5 16
18 58 141 84 12
39 122 132 39 15
94 146 80 13 8
143 119 30 10 7
140 64 2 7 11
100 19 4 5 10
46 8 14 14 5
10 15 18 11 10
11 13 4 18 13
18 18 8 19 9
18 19 13 17 8
2 14 14 11 6
15 9 13 8 4
22 10 6 3 4
10 12 7 1 8
13 8 3 4 7

15 9 7 7 1
6 10
26 17 44 48 19 11
17 6 31 45 26 18
5 20 31 37 36 36
117 146 154 150 141 104
51 23 47 64 117 109
138 111 151 167 126 54
31 26 96 172 109 39
74 46 75 126 62 35
73 54 82 74 105 104
195 170 162 139 102 101

