32 40
42

8 0 7 7 0
8 5
211 210 178 91 26 87 147 188
240 237 233 229 227 222 218 217
214 214 217 216 214 217 221 223
210 212 212 214 214 214 219 221
208 211 215 214 216 220 222 223

17 3 5 7 1
11 16
18 6 1 7 17 10 107 230 255 255 137
52 45 33 11 10 6 7 6 131 255 255
19 24 27 10 8 7 10 3 45 213 211
160 154 139 117 116 124 132 141 192 255 180
129 122 120 125 135 135 142 151 163 95 116
31 19 11 10 9 7 16 20 22 80 93
76 64 57 54 53 47 46 54 83 77 64
122 135 140 135 137 136 125 88 22 84 103
126 104 99 92 92 96 116 124 121 89 18
124 138 144 147 144 142 133 76 4 59 71
29 29 35 42 41 39 35 46 73 44 32
81 71 67 62 55 62 134 189 135 27 22
26 25 29 33 32 42 148 193 220 30 15
21 23 21 22 42 142 99 249 224 19 8
91 106 128 136 168 186 98 255 97 13 12
124 130 134 129 118 28 255 189 13 12 21

0 0 7 7 1
8 9
20 27 34 184 255 255 255 255
20 17 196 255 255 255 255 171
10 51 255 255 255 70 15 6
45 255 255 255 196 129 67 16
122 255 255 70 120 176 174 129
160 255 255 15 101 73 32 95
118 255 255 241 144 65 14 69
62 249 255 255 255 215 131 90
11 82 213 227 223 243 234 223

0 0 7 7 1
11 7
19 22 25 28 20 107 255 255 255 255 255
20 27 34 184 255 255 255 255 255 255 255
20 17 196 255 255 255 255 171 49 11 5
10 51 255 255 255 70 15 6 4 6 8
45 255 255 255 196 129 67 16 10 21 16
122 255 255 70 120 176 174 129 101 105 82
160 255 255 15 101 73 32 95 110 119 113

6 8 7 7 1
13 8
114 93 76 43 11 17 16 5 7 16 31 67 133
136 133 128 129 126 125 128 126 132 134 147 159 150
23 55 76 98 119 131 134 128 123 115 104 76 41
55 43 22 11 14 12 8 6 7 13 30 55 65
59 45 16 15 29 36 26 16 12 5 19 45 56
157 118 108 98 83 98 98 88 86 88 90 107 150
215 204 229 244 224 221 199 198 213 217 225 220 214
165 171 169 181 173 154 145 158 161 162 182 181 175

24 5 5 7 1
4 17
118 63 31 255
178 83 74 255
92 92 53 255
67 79 69 192
77 82 85 84
100 111 90 81
195 144 201 87
248 255 255 52
133 255 255 22
135 255 246 5
236 255 176 11
255 255 91 18
255 255 30 8
243 255 6 12
249 255 23 15
255 255 39 23
255 250 35 24

4 28 7 7 1
4 6
13 13 19 22
96 85 26 24
67 87 59 104
200 222 156 90
255 255 255 213
73 35 178 255

0 26 7 7 1
7 5
92 95 109 149 255 230 42
103 112 115 89 255 235 47
14 16 11 23 255 255 42
6 9 2 10 234 255 48
24 18 7 11 192 253 100

10 29 7 5 1
7 7
191 179 47 17 11 17 112
146 238 247 194 191 223 255
21 52 120 149 153 144 90
86 25 17 12 1 7 18
188 95 21 18 9 13 20
255 255 255 255 255 255 255
189 255 255 255 255 255 243

5 29 7 7 1
15 5
7 6 11 16 16 22 25 21 6 13 14 10 17 29 38
13 1 12 22 22 22 23 19 5 12 16 11 14 26 35
74 71 6 16 34 40 31 21 8 13 24 23 30 30 36
97 167 82 78 157 180 137 110 127 125 139 131 116 65 136
175 64 77 92 189 170 145 156 167 132 127 119 108 36 100

0 16 7 7 1
14 18
4 255 255 34 11 19 107 142 37 37 72 60 14 75
9 240 255 94 7 15 91 173 76 34 34 121 37 84
4 176 255 166 6 13 44 180 160 8 56 71 73 127
7 103 255 190 7 15 12 102 175 118 15 10 39 69
5 82 255 237 6 17 10 34 124 176 117 43 51 81
2 40 255 255 6 26 16 7 54 142 183 159 125 72
1 12 255 255 14 21 31 71 76 89 89 63 105 103
2 12 255 255 29 15 25 59 42 79 70 46 19 23
2 11 241 255 201 37 29 105 103 101 101 62 35 27
2 13 113 255 255 222 170 142 93 58 67 53 31 21
2 13 13 130 213 187 237 255 228 199 216 219 213 210
0 8 15 88 103 23 59 148 185 196 212 220 223 218
0 2 6 57 106 41 9 12 14 26 29 30 33 34
0 1 1 26 90 54 7 6 11 16 16 22 25 21
0 0 0 16 95 67 13 1 12 22 22 22 23 19
0 0 0 3 86 138 74 71 6 16 34 40 31 21
0 0 0 2 90 179 97 167 82 78 157 180 137 110
2 2 2 3 89 217 175 64 77 92 189 170 145 156

0 17 7 7 1
11 13
102 16 15 88 163 151 87 47 31 14 74
111 13 23 92 102 64 73 45 28 14 75
99 7 26 78 117 120 133 120 119 91 125
114 78 33 105 105 37 79 107 121 66 85
56 77 34 84 76 46 57 43 112 75 94
76 72 36 84 90 43 64 71 118 57 69
17 11 40 146 170 85 43 47 91 13 129
33 14 43 162 164 65 59 65 19 198 213
46 18 14 115 255 247 146 152 230 239 81
21 38 17 11 86 171 170 180 166 76 17
58 41 29 23 26 23 19 19 23 16 16
42 65 57 31 42 44 36 33 32 23 22
30 46 33 7 7 10 10 13 18 18 23

24 0 5 7 1
4 16
124 127 185 213
29 39 30 192
22 45 23 208
37 40 118 220
15 18 139 154
19 19 149 144
18 32 170 128
13 85 183 93
13 117 168 45
14 123 143 11
14 127 140 5
15 131 142 4
15 136 143 0
16 134 142 1
10 151 139 2
62 185 119 2

0 0 7 7 0
9 11
28 29 30 23 35 45 49 28 16
46 29 78 204 253 253 250 250 249
245 233 181 165 165 167 169 166 157
148 101 94 172 169 171 168 167 176
146 91 88 148 172 167 171 169 158
131 81 104 131 165 166 157 207 235
126 123 118 164 161 160 247 232 156
129 145 152 152 152 222 254 149 147
128 203 146 141 145 246 246 142 145
117 205 246 141 130 243 243 131 120
123 116 234 117 111 192 226 168 98

0 7 7 7 1
13 14
152 141 127 255 182 255 248 255 79 255 134 60 106
40 40 116 162 185 228 103 255 255 219 223 28 29
25 10 98 90 104 73 9 99 255 43 255 255 242
37 19 117 96 75 213 255 255 255 224 243 255 255
48 52 121 65 255 255 255 235 106 86 156 37 121
80 64 79 195 255 113 251 255 255 255 255 255 255
83 57 57 240 255 255 255 255 255 211 252 255 255
65 50 20 255 202 255 188 19 19 17 7 21 33
67 105 82 217 174 255 15 11 16 11 28 20 7
20 51 92 18 104 125 33 18 12 15 21 20 8
16 17 41 78 65 45 36 14 10 17 14 8 16
16 18 28 59 101 32 24 16 17 12 4 12 14
16 28 35 79 191 164 35 23 24 38 26 62 219
54 25 38 149 133 250 16 5 30 19 192 255 255

3 0 7 7 1
14 5
255 253 255 255 255 255 255 255 255 231 210 203 200 189
167 167 169 169 166 161 166 179 196 197 210 233 233 255
11 5 7 9 14 57 135 155 148 55 28 35 32 66
63 18 27 94 97 23 138 95 170 79 52 58 58 69
49 60 182 126 112 87 220 180 255 198 188 182 121 53

0 15 7 7 1
10 9
35 19 225 209 23 13 23 22 115 162
18 20 252 255 49 17 11 152 255 194
16 7 177 255 144 20 102 255 210 115
36 33 73 255 228 21 121 245 110 93
16 13 52 255 255 19 88 255 255 111
68 34 38 255 255 65 37 90 188 255
32 55 59 255 255 84 66 70 29 92
50 60 64 177 255 255 80 80 62 69
60 41 54 80 242 255 255 119 131 162

9 0 7 7 1
9 17
199 198 232 206 186 167 168 182 157
101 103 114 89 68 32 59 70 95
55 74 47 67 78 69 64 51 40
32 29 5 17 63 80 70 43 43
45 44 25 32 23 6 43 74 73
42 69 56 53 21 32 56 32 11
28 23 49 51 20 28 56 47 39
234 250 242 244 252 255 255 255 255
67 69 64 81 90 99 94 127 131
135 148 161 145 154 160 159 167 124
13 26 66 65 63 36 23 51 31
33 29 30 20 8 11 12 38 47
25 30 29 29 15 9 24 29 23
16 27 21 18 20 22 23 22 21
71 87 92 95 93 91 100 94 84
226 225 225 213 210 206 219 184 195
159 188 198 168 108 98 152 209 195

0 23 7 6 1
5 12
2 4 17 25 22
2 4 17 38 32
2 2 4 34 49
1 4 5 20 52
0 5 2 10 46
0 5 3 6 37
0 3 3 3 24
0 0 0 0 10
0 0 0 0 0
0 0 0 0 0
1 0 0 0 1
2 0 0 0 2

21 0 5 7 1
7 19
183 255 255 255 160 125 193
3 30 169 255 255 229 212
8 4 20 145 255 151 39
4 4 6 17 104 115 22
15 11 10 9 92 109 24
13 14 14 13 109 118 16
12 15 23 63 147 70 37
15 46 90 116 117 23 50
80 114 112 61 34 78 36
96 73 29 22 67 41 66
18 14 38 68 58 57 95
26 57 85 52 58 111 40
75 70 6 100 131 52 5
26 90 141 128 41 11 8
141 115 65 17 12 18 13
91 124 116 71 38 41 39
137 188 182 144 60 66 66
182 111 83 117 81 86 93
117 98 74 61 68 80 97

19 18 6 7 1
8 9
10 111 47 96 76 102 135 5
88 81 21 105 71 178 205 13
130 63 30 68 55 121 225 9
84 19 123 50 60 255 203 6
67 155 113 78 90 255 68 3
147 94 90 132 186 201 3 1
17 112 181 45 228 184 1 1
143 142 72 57 222 167 0 0
97 67 9 57 247 203 0 0

4 31 7 5 1
7 5
229 50 21 42 43 34 53
209 100 48 66 48 21 42
212 99 5 13 43 56 34
235 240 131 70 10 37 18
113 210 253 243 162 167 148

13 0 7 7 1
13 5
94 78 39 24 14 16 10 10 8 8 4 5 11
198 225 214 216 255 253 163 30 7 11 12 13 10
96 134 161 194 224 255 255 236 243 129 8 11 8
8 15 19 34 64 52 153 206 255 255 132 22 6
41 41 33 20 10 4 20 55 48 255 255 255 126

0 5 7 7 1
12 9
50 99 74 95 49 22 15 22 32 12 29 48
12 98 103 50 75 65 85 123 156 107 42 37
0 83 173 76 20 56 63 72 95 137 81 91
0 28 116 90 16 45 78 112 79 28 58 94
0 2 91 88 7 8 5 14 29 54 77 85
0 1 98 92 15 9 5 12 7 10 23 31
0 1 108 96 27 10 2 11 9 7 12 18
0 1 107 108 18 15 7 5 9 8 9 13
0 1 87 140 51 10 8 5 11 12 13 15

22 16 6 7 0
5 13
149 148 200 255 255
144 149 237 255 255
150 149 250 251 255
145 147 255 246 255
151 150 254 251 255
154 150 255 252 255
150 153 255 253 255
153 155 255 251 255
151 164 252 254 255
155 201 254 254 255
163 237 255 254 255
160 247 255 255 255
151 255 255 255 255

4 32 7 5 1
6 4
47 33 11 8 15 14
33 46 38 30 29 20
8 24 33 40 49 49
0 3 6 15 28 38

7 0 7 7 0
8 7
76 77 79 79 73 72 75 74
109 139 181 214 222 226 224 211
240 246 244 249 246 245 246 251
243 243 248 249 250 249 250 249
244 245 248 248 248 249 251 250
245 246 249 249 249 250 252 251
246 247 250 250 250 251 253 252

9 16 7 7 1
6 15
93 116 74 70 54 33
88 1 51 66 67 46
36 68 80 86 59 65
41 72 85 88 71 90
96 132 103 106 64 108
119 53 50 105 83 104
10 75 109 105 53 15
83 64 103 91 81 75
102 33 50 59 98 105
39 37 58 63 89 43
54 85 82 100 108 105
88 101 80 100 85 118
62 76 73 59 2 72
23 34 37 14 37 8
34 52 68 32 17 11

16 0 5 7 1
12 9
255 255 255 255 255 255 220 96 28 27 24 11
255 255 255 255 255 255 255 255 255 148 39 20
83 84 50 58 87 172 255 255 255 255 58 45
29 63 78 46 9 2 0 97 255 255 250 96
38 62 81 41 16 7 0 25 207 255 255 221
45 63 70 32 21 18 11 5 24 132 255 255
60 67 100 100 67 35 23 15 3 5 210 255
91 92 122 182 238 255 255 255 174 162 255 255
255 255 255 255 255 255 255 255 194 216 255 243

18 15 5 7 1
10 6
142 74 190 111 10 154 214 77 0 2
48 189 73 27 58 185 163 16 9 9
86 55 40 37 77 144 127 7 8 11
117 39 28 9 56 165 127 5 2 5
108 5 32 48 50 154 122 10 4 2
107 22 53 27 78 175 131 9 6 6

17 30 6 6 1
10 5
58 183 13 72 103 33 39 94 32 86
98 156 122 147 72 18 33 101 70 33
125 205 211 81 72 24 23 75 56 32
71 131 64 55 94 4 29 56 39 16
44 74 55 78 66 10 36 48 30 17

9 0 7 7 1
11 4
30 56 87 110 143 154 158 243 255 213 151
56 59 64 69 71 63 65 53 36 39 58
56 49 50 57 65 63 65 59 52 67 88
86 92 80 77 88 82 74 69 56 55 51

0 14 7 7 1
4 18
141 143 106 16
38 115 114 11
26 121 129 3
35 131 151 19
18 108 168 42
10 79 176 78
13 54 171 113
7 28 155 130
49 15 149 149
60 73 166 180
71 48 146 189
35 40 89 212
33 30 18 145
21 16 23 23
4 13 10 10
20 23 15 21
22 11 27 60
57 81 101 108

9 19 7 7 1
8 4
44 115 77 62 198 128 27 142
104 52 117 193 146 165 135 43
164 86 233 128 90 189 103 110
63 234 81 168 191 177 155 87

0 3 7 7 1
10 19
9 185 168 146 255 255 255 255 255 255
10 125 238 95 37 46 57 52 31 34
8 57 228 150 40 29 65 91 60 41
13 13 192 167 42 7 14 80 84 45
14 15 205 175 42 28 20 44 83 30
11 19 200 170 48 37 27 39 90 20
11 14 176 209 30 47 18 49 77 21
11 14 136 255 255 85 17 46 56 24
7 4 68 133 255 255 239 210 81 29
3 4 63 87 59 205 249 255 255 188
3 8 36 97 77 30 33 120 225 244
10 6 24 99 89 35 36 10 124 102
16 9 9 89 97 31 29 29 164 34
16 6 8 76 98 27 21 30 148 97
11 6 5 74 100 25 16 19 52 158
5 4 3 76 99 27 18 19 10 159
1 1 5 76 118 44 15 17 8 80
43 43 50 83 97 48 14 16 1 31
86 87 99 94 101 60 10 18 8 12

0 16 7 7 1
7 10
1 99 194 110 83 131 123
1 71 191 128 31 50 78
1 46 185 145 17 23 30
1 27 182 159 13 26 30
0 11 177 164 12 24 29
0 4 178 168 6 22 24
0 2 175 172 8 20 24
0 2 172 183 21 18 22
0 1 158 222 80 22 18
0 1 107 237 205 100 31

0 27 7 5 1
5 9
0 2 25 124 188
0 1 1 39 81
0 0 0 22 74
0 0 0 8 68
0 0 0 2 71
0 0 0 1 73
0 0 0 0 40
0 0 0 0 2
0 0 0 0 0

6 5 7 7 1
8 11
62 43 31 51 68 76 80 136
53 38 28 27 62 107 90 48
255 255 255 255 255 235 172 160
185 255 255 243 255 255 182 164
157 255 120 162 255 233 206 244
255 236 44 184 167 182 212 99
170 127 87 238 106 134 105 44
85 255 232 159 128 98 71 33
138 255 109 15 72 20 78 57
113 178 72 40 26 145 255 255
159 90 88 174 255 255 255 255

0 20 7 7 1
10 12
118 125 79 80 116 163 59 132 223 160
101 71 34 55 68 155 108 76 65 56
69 62 54 61 74 137 94 72 74 68
61 50 38 38 71 141 101 67 60 62
38 42 30 22 63 158 119 64 58 52
42 56 40 23 61 175 161 56 48 48
31 44 41 32 56 182 197 82 55 53
8 20 21 23 41 164 214 108 63 66
7 12 8 9 27 128 207 131 65 72
64 56 50 46 45 85 184 152 68 67
67 58 62 66 62 85 134 134 64 63
10 15 20 28 54 81 110 114 82 73

20 12 5 7 1
8 15
74 58 42 45 255 209 247 208
207 140 35 37 201 243 219 255
152 131 39 58 255 235 103 177
178 203 33 158 255 119 53 21
86 135 34 206 255 43 59 52
206 130 19 228 229 114 117 92
255 147 21 196 219 138 107 70
255 73 66 219 144 68 41 36
134 72 160 255 181 155 147 138
45 71 248 255 163 132 151 139
57 97 255 255 64 12 21 28
63 120 255 255 28 15 9 18
76 184 255 233 34 18 3 6
96 255 255 157 18 21 9 1
108 255 255 71 24 14 3 5

0 13 7 7 1
4 5
48 61 39 171
44 40 6 99
46 38 28 53
46 44 59 61
21 25 90 57

21 7 6 7 1
6 18
120 146 104 71 65 215
62 109 158 29 186 218
145 188 148 95 208 51
157 163 98 140 143 56
93 103 34 160 127 40
54 83 8 195 154 83
61 58 112 252 105 41
44 48 205 224 34 36
48 109 204 176 96 111
87 61 104 129 22 27
63 45 114 166 106 92
43 79 115 115 55 14
64 76 170 122 108 82
98 35 122 35 56 30
114 80 119 23 45 42
63 106 97 28 24 41
49 69 122 84 71 17
132 110 106 92 115 114

