98 58
60

22 6 7 7 0
35 17
134 133 132 131 132 132 132 131 130 129 127 125 122 122 118 114 112 110 108 105 101 98 92 92 90 84 82 78 68 58 60 74 81 85 100
134 133 132 131 132 132 132 131 130 128 126 124 122 121 117 114 111 109 108 105 100 97 93 92 89 84 81 76 66 57 59 77 84 83 90
134 133 132 131 132 132 131 131 130 128 126 124 122 121 117 114 111 109 107 104 100 97 94 91 88 85 81 73 63 56 61 80 89 83 83
134 133 132 131 132 132 131 130 129 127 125 123 121 121 116 113 110 108 107 104 100 96 95 91 87 85 81 71 61 55 63 83 91 83 79
134 133 132 131 132 132 131 130 129 127 125 123 121 120 116 113 110 108 106 103 99 96 96 90 86 85 80 69 59 55 66 85 91 80 75
134 133 132 131 132 132 131 130 128 127 125 123 121 120 116 113 110 108 106 103 99 96 96 89 85 85 80 68 57 55 68 85 89 77 70
134 133 132 130 131 131 130 130 128 127 125 123 121 120 116 113 111 108 105 102 99 97 96 89 86 86 79 65 55 56 71 85 89 77 71
134 133 132 132 131 130 130 130 128 126 124 122 121 120 115 113 111 108 104 101 99 97 96 89 87 87 78 62 54 57 73 86 90 81 74
132 132 134 134 133 130 129 129 127 125 123 121 120 119 114 113 111 107 104 101 99 97 97 90 87 86 75 60 54 58 73 86 90 83 77
129 129 131 133 131 127 127 127 126 124 122 120 118 117 113 112 110 107 104 101 98 97 97 90 86 84 73 58 54 60 76 87 94 90 84
129 127 128 130 129 127 126 125 124 122 120 118 117 116 112 111 109 106 103 100 98 97 97 90 85 82 70 57 55 64 83 94 103 104 101
130 128 128 128 129 129 126 124 123 121 119 117 115 114 110 109 107 105 102 100 97 96 96 89 84 80 68 56 57 68 86 97 109 116 116
128 129 128 127 127 129 125 123 121 120 117 116 114 112 109 107 106 104 101 99 97 96 94 88 83 78 66 55 59 71 86 97 112 123 126
122 128 128 125 124 126 124 122 120 119 117 115 113 112 109 107 105 103 101 99 97 96 93 86 82 77 65 55 61 74 90 101 118 132 138
102 111 122 127 126 124 123 121 120 120 120 120 118 116 111 110 109 107 104 102 100 98 95 93 86 73 59 55 62 73 90 107 129 144 147
94 101 112 120 124 127 126 122 121 119 119 117 114 111 107 105 103 101 98 96 93 92 88 86 80 67 57 54 61 70 91 108 131 149 155
93 95 100 107 116 127 134 135 133 132 131 129 125 123 120 118 117 115 112 110 108 107 105 103 97 91 86 85 88 94 112 124 140 152 155

43 1 7 7 0
39 14
99 97 91 90 89 79 66 67 76 91 117 132 157 174 176 182 183 183 183 182 182 181 180 180 181 181 180 180 181 182 181 180 178 176 176 176 176 176 176
97 97 90 87 87 77 63 66 78 92 120 136 160 173 174 181 183 184 184 183 183 182 182 182 182 181 180 179 180 182 181 180 178 177 177 177 177 177 177
96 96 87 85 85 75 60 64 78 90 120 136 160 172 171 179 181 181 181 181 181 180 180 180 181 181 180 179 180 181 181 179 178 177 177 177 177 177 177
95 93 86 85 84 72 59 63 77 91 115 137 159 169 169 175 178 178 178 178 177 177 178 179 180 181 179 178 179 181 182 180 177 176 177 177 176 176 176
96 89 90 90 83 70 61 65 76 94 100 136 156 162 167 168 176 179 179 178 176 176 178 181 182 182 180 177 177 181 185 182 178 177 178 178 177 175 176
96 90 90 89 82 69 61 67 78 92 94 126 144 152 161 165 174 176 178 179 178 177 177 178 179 181 182 180 180 183 184 180 176 175 177 178 177 176 177
96 90 89 87 80 67 61 69 81 92 89 114 128 134 144 150 160 164 168 172 174 175 174 175 176 178 180 180 180 182 181 177 175 176 178 179 178 178 179
96 90 89 85 76 65 61 71 84 93 86 106 115 117 124 128 137 143 150 159 165 169 171 173 174 175 178 177 177 178 179 177 177 179 181 182 182 182 183
96 91 88 82 72 62 60 73 88 93 83 99 105 105 109 110 118 123 131 142 152 160 166 171 172 174 177 176 176 178 182 182 182 183 185 185 185 185 186
96 91 87 80 70 60 60 75 90 91 78 91 95 95 99 99 105 107 115 125 135 145 154 162 166 171 176 178 178 182 186 187 186 186 187 188 187 186 187
96 91 86 78 68 59 60 76 92 90 75 83 84 83 87 89 95 97 103 110 119 128 139 148 155 165 173 178 181 184 187 188 187 187 188 188 187 186 187
94 92 86 82 62 60 61 81 92 88 78 79 78 77 81 84 88 90 98 106 111 116 125 136 148 158 167 174 180 187 190 186 187 190 189 187 186 188 189
92 93 86 84 57 62 62 86 91 84 81 77 76 76 78 82 85 87 95 102 107 114 128 144 154 159 164 170 180 191 195 190 189 191 189 187 187 187 187
93 92 86 82 59 62 65 87 93 86 83 78 75 74 75 77 78 79 83 89 99 116 137 155 162 161 163 166 175 189 199 201 194 189 190 191 189 183 183

19 28 7 7 0
18 6
177 180 171 167 163 159 156 153 149 146 144 143 141 138 137 136 136 136
176 176 171 168 164 161 158 154 149 145 143 142 140 138 136 136 136 136
176 172 171 168 165 162 158 152 147 145 143 142 140 138 137 136 136 137
178 171 168 166 163 160 156 151 146 145 145 143 142 140 139 139 139 138
177 173 168 166 163 160 157 153 149 147 147 146 144 143 142 141 141 140
173 172 168 165 161 159 158 155 152 149 147 146 145 144 143 143 143 142

64 9 7 7 0
20 17
106 112 119 128 134 134 132 130 126 123 120 120 122 124 126 128 129 130 129 134
117 122 128 134 137 135 132 127 124 121 119 118 118 120 122 125 126 128 128 133
129 134 137 138 137 134 130 127 124 123 123 119 116 116 117 118 121 125 127 133
136 139 144 143 135 131 130 127 125 125 124 120 117 115 114 114 118 123 126 132
130 130 137 137 130 126 127 125 123 124 122 120 119 118 116 115 117 120 123 131
113 118 132 132 128 124 123 121 120 120 117 117 118 118 117 115 115 118 120 132
98 111 131 129 125 124 120 119 119 117 114 113 113 113 112 111 111 115 120 134
95 104 120 117 120 122 117 119 124 120 118 115 112 111 108 105 106 114 121 136
93 102 121 125 135 136 123 122 127 122 120 119 117 114 108 103 105 114 125 141
92 105 127 141 156 150 124 116 119 113 113 115 115 114 109 105 108 119 131 146
103 103 112 131 153 142 109 99 105 102 107 107 106 108 108 107 112 124 137 151
74 68 99 133 135 105 81 81 93 99 102 104 106 108 103 103 123 146 150 161
83 80 114 148 142 102 71 65 78 97 113 112 109 110 105 106 132 158 161 163
101 99 120 131 120 111 106 105 104 103 104 107 109 109 105 110 139 166 168 163
139 138 138 134 127 129 134 135 127 116 110 108 105 103 100 108 140 167 167 161
161 160 154 155 157 150 146 144 137 128 123 116 108 102 97 108 140 167 163 159
144 143 146 151 152 150 153 156 152 143 134 130 122 111 104 113 145 168 161 158

31 5 7 7 1
41 26
2 2 2 2 4 4 2 3 4 8 12 12 15 34 66 73 43 7 14 26 89 132 102 54 16 24 28 31 23 22 28 26 23 19 12 10 11 6 3 0 4
0 0 0 0 2 2 0 2 4 8 10 8 15 40 68 66 33 5 24 30 87 125 102 64 23 15 9 10 10 10 20 23 23 23 17 13 16 17 13 8 6
2 2 2 2 3 2 0 2 4 8 10 8 19 45 69 63 26 11 28 30 71 127 123 94 57 45 34 14 3 6 18 25 29 33 30 24 19 18 20 18 16
2 2 2 2 2 1 0 2 4 8 10 8 21 47 68 59 19 17 30 25 51 102 114 99 70 58 49 30 11 13 17 25 33 40 39 35 30 25 26 25 21
2 2 2 2 2 1 0 2 4 8 10 8 23 49 68 56 13 21 28 18 32 68 86 84 68 62 60 48 31 13 15 25 29 43 50 52 51 44 38 32 21
2 2 2 2 3 2 0 2 4 8 10 8 23 49 67 52 8 24 26 12 24 48 67 76 71 72 77 72 61 46 31 24 36 45 57 70 75 67 54 40 29
2 2 1 0 2 3 3 5 6 9 10 8 24 55 69 45 12 25 26 17 21 21 39 60 66 73 86 91 88 79 66 45 55 61 61 66 82 83 75 61 42
2 2 2 2 3 6 6 8 9 11 11 9 31 72 74 29 16 22 37 43 47 33 10 23 40 52 72 90 99 100 93 70 71 60 47 39 66 85 93 92 73
3 4 4 3 3 3 2 5 9 11 11 11 42 86 72 20 3 20 59 71 62 43 48 21 14 11 32 59 84 106 117 103 69 36 22 19 42 82 110 127 128
2 3 3 2 3 5 6 8 13 17 19 18 50 87 63 14 15 21 67 73 55 37 56 42 30 24 12 24 60 103 133 130 105 76 53 30 20 53 96 132 157
2 5 6 4 6 7 6 9 14 19 22 21 48 79 55 6 15 28 69 69 46 20 40 34 33 36 28 24 47 97 138 145 130 111 91 64 31 9 45 94 142
1 1 4 4 4 2 1 4 11 16 17 17 41 75 54 1 20 43 85 83 50 20 34 31 38 50 40 33 35 86 130 145 142 135 122 93 53 22 20 64 116
5 5 3 1 0 0 2 2 11 19 20 18 46 85 60 9 25 50 91 86 44 21 29 30 45 67 64 32 18 64 111 132 144 155 155 138 107 67 29 22 64
10 10 10 9 8 8 10 9 15 26 31 28 59 94 60 22 34 47 79 69 25 18 12 1 25 59 67 45 28 34 80 105 130 157 171 173 168 141 97 39 53
87 78 71 66 71 67 52 47 48 56 64 68 106 144 127 117 125 127 132 96 38 31 22 17 30 69 90 77 54 18 19 45 78 115 146 173 197 187 134 51 40
157 150 144 141 150 161 161 159 159 164 173 182 223 255 255 255 255 255 252 213 167 168 156 137 134 163 193 196 182 154 129 118 107 83 45 49 102 139 138 92 17
83 92 95 98 104 110 119 124 127 129 136 142 157 182 198 197 193 187 180 168 162 170 172 167 163 183 218 244 255 253 242 228 207 195 177 167 160 134 82 100 69
4 11 15 16 10 5 9 11 9 8 12 14 27 31 22 24 24 27 29 28 25 19 16 24 27 39 64 91 110 122 128 131 131 134 143 144 119 87 58 29 27
13 10 5 2 9 14 13 17 20 22 26 32 45 53 53 53 51 52 53 53 49 47 41 38 41 44 44 41 40 42 42 34 27 24 15 16 16 22 25 29 22
12 7 4 7 10 14 16 21 24 22 17 13 14 16 16 14 8 5 2 5 4 3 7 6 11 15 18 21 19 12 18 17 20 27 27 28 20 9 8 7 16
14 10 7 12 16 14 11 15 21 26 27 25 23 17 16 16 12 7 4 2 5 11 19 11 8 18 21 15 14 7 18 15 11 12 12 12 16 13 4 13 25
10 11 7 4 5 10 11 13 15 17 17 14 11 7 7 6 6 7 10 12 17 8 10 16 13 3 8 8 8 20 26 17 13 10 3 2 7 12 10 13 9
25 27 26 23 18 12 9 7 7 7 6 4 11 12 7 9 7 6 5 4 15 19 11 6 5 5 12 16 16 14 8 2 4 9 9 8 9 10 10 11 6
9 10 14 18 19 11 3 3 6 9 10 10 12 8 8 8 5 4 5 4 11 12 1 4 3 5 12 11 6 8 11 11 7 1 4 5 5 1 5 7 8
7 5 2 4 15 16 8 11 14 17 20 22 16 7 2 6 7 3 4 9 13 6 4 3 3 6 8 6 6 7 8 11 12 12 12 12 15 6 6 2 4
11 14 13 11 12 7 7 9 9 10 12 11 7 6 1 4 8 10 12 12 8 3 2 5 7 9 8 7 11 11 9 8 4 4 5 4 8 7 6 2 4

38 6 7 7 1
46 15
0 0 0 0 0 2 0 5 12 21 57 43 5 21 16 42 63 32 10 14 17 14 24 25 23 23 23 20 15 16 25 28 23 19 19 20 22 22 18 13 5 1 7 14 18 3
0 0 0 0 0 2 0 4 9 25 57 37 13 22 5 30 59 33 7 6 7 9 21 17 13 17 20 18 11 6 13 19 16 14 16 18 20 23 23 20 14 8 7 12 13 3
0 0 0 0 0 2 0 4 7 30 55 29 21 17 12 33 69 50 27 20 7 9 14 7 8 14 27 33 29 22 22 23 20 17 18 21 23 24 24 21 16 13 12 12 10 8
0 0 0 0 0 2 0 3 3 33 54 22 28 13 23 21 64 55 38 29 9 11 17 10 15 15 28 41 46 46 45 41 34 27 24 24 24 21 18 16 12 10 13 14 9 10
0 0 0 0 0 2 0 2 4 35 52 14 34 11 37 6 49 48 37 29 11 15 23 19 19 17 16 22 31 41 49 50 42 31 23 18 16 20 19 17 15 15 17 18 10 13
2 2 2 2 2 4 2 1 8 37 47 7 34 5 38 11 33 44 43 40 17 19 24 19 23 27 27 22 23 27 39 49 56 58 44 23 26 23 17 14 15 16 15 16 9 20
2 2 2 2 2 4 5 1 13 39 41 6 30 6 36 17 25 45 53 57 42 25 16 20 44 73 85 75 70 49 43 46 72 113 115 77 38 19 13 11 19 24 17 20 14 29
0 0 0 0 0 1 6 3 17 43 39 3 31 5 40 29 24 43 50 57 57 50 35 31 81 129 135 114 122 86 43 51 81 101 157 148 89 33 27 26 35 36 19 20 9 32
2 2 2 2 2 4 7 5 23 52 39 16 37 17 45 34 20 42 48 54 64 77 74 60 118 137 103 67 110 107 51 28 52 33 112 173 142 63 46 36 36 32 11 3 8 40
2 2 2 2 2 3 8 6 32 59 32 24 42 21 52 34 13 37 44 48 60 83 102 109 130 94 43 9 56 107 84 3 70 61 33 151 186 125 49 25 19 21 8 14 12 37
2 2 2 2 2 1 13 4 40 60 21 32 38 18 52 34 10 24 30 30 41 70 108 126 104 69 48 28 24 75 94 40 41 87 39 86 180 171 93 26 12 16 7 13 25 41
2 2 2 2 2 4 16 4 48 57 8 36 31 30 55 32 12 7 11 19 22 62 106 141 146 110 68 36 20 38 85 74 5 72 83 20 141 199 140 39 10 6 8 14 37 50
0 0 0 0 0 10 19 11 52 50 4 36 18 38 52 26 10 6 5 5 16 58 90 115 138 132 102 57 23 13 59 68 49 64 123 82 68 208 208 99 13 5 4 13 35 42
4 4 4 4 2 11 17 29 67 49 13 38 7 35 37 15 7 1 6 10 30 57 61 80 113 131 124 86 48 49 100 111 85 60 105 151 64 109 190 120 30 5 8 12 27 34
27 28 29 31 32 22 5 29 51 32 38 44 16 37 32 19 12 6 5 7 18 46 60 70 96 113 118 107 81 89 93 53 43 51 28 74 82 108 147 107 48 16 13 25 36 25

30 8 7 7 0
33 16
127 125 124 122 121 120 118 118 119 119 119 120 120 120 118 121 119 108 98 94 95 95 98 109 121 128 129 128 127 128 129 128 127
126 125 123 122 120 120 118 118 118 118 119 119 120 120 117 122 119 106 96 96 97 97 102 112 123 129 131 130 130 131 134 134 133
126 124 123 121 120 119 117 117 118 118 118 119 119 119 116 122 119 104 94 97 99 98 102 110 120 127 128 129 130 132 133 133 133
125 124 123 121 120 119 117 117 117 118 118 119 119 119 116 122 119 102 93 97 100 98 96 104 113 119 122 124 128 130 131 132 134
125 124 123 121 120 119 118 118 118 118 118 118 118 118 116 124 120 103 93 96 100 100 94 99 108 116 120 123 127 131 132 136 140
125 124 123 121 120 119 118 118 118 118 118 118 118 118 117 124 119 103 92 96 102 103 94 96 105 114 120 123 129 134 137 139 142
125 124 122 121 119 119 118 118 118 118 118 118 118 118 117 122 115 100 92 97 105 105 91 93 101 110 116 122 130 137 143 143 148
125 124 122 120 119 118 117 117 117 117 117 117 117 117 118 120 113 97 91 98 107 106 91 92 97 105 111 118 127 134 139 150 167
125 123 122 120 119 118 117 117 117 117 117 117 117 117 121 121 110 95 90 99 106 104 92 91 93 98 102 108 117 124 133 157 185
124 123 121 120 118 117 116 116 116 116 116 116 116 116 123 120 108 93 91 100 106 102 89 86 86 88 90 94 101 114 137 165 190
124 122 121 119 118 117 116 116 116 116 116 116 116 116 121 118 106 92 93 103 106 101 86 83 81 82 82 83 89 105 139 164 185
123 122 121 119 118 117 116 116 116 116 116 116 116 116 118 115 103 92 94 106 108 102 86 82 81 81 80 80 86 99 125 150 172
124 123 121 119 119 119 117 117 117 118 118 118 118 118 122 117 104 92 95 106 106 95 83 84 84 80 78 79 85 97 123 141 160
119 118 116 116 115 115 117 117 117 117 116 116 116 116 115 108 95 88 98 111 108 96 87 89 89 85 83 84 90 97 109 120 134
125 124 124 123 123 123 118 117 118 118 118 119 119 119 112 103 90 86 96 105 98 85 84 85 83 80 77 78 82 90 105 109 121
131 131 131 131 130 130 131 132 134 136 139 141 143 144 143 137 127 123 127 131 122 111 105 105 102 98 95 95 97 99 100 100 106

26 2 7 7 0
27 6
130 130 129 129 128 127 127 126 125 125 123 123 122 121 120 120 121 121 118 121 121 119 120 123 119 112 99
130 130 129 129 128 127 127 126 125 125 123 122 121 121 120 120 121 121 118 120 121 119 120 122 118 111 97
130 130 129 129 128 128 127 126 125 125 123 122 121 120 120 120 120 120 119 119 121 120 120 122 119 110 94
129 129 129 129 129 128 127 126 124 123 123 122 121 120 119 119 119 119 121 117 120 121 118 123 122 107 88
129 129 129 129 129 128 127 126 124 123 123 122 121 119 119 118 118 119 121 117 120 121 118 122 120 106 90
129 129 129 129 129 128 127 125 124 123 122 122 120 119 118 118 118 118 120 117 120 122 118 121 118 104 91

40 5 7 7 1
42 7
9 11 12 6 9 12 6 6 18 25 20 7 9 12 14 16 23 40 59 77 87 90 89 81 82 75 62 52 47 38 21 10 12 10 9 15 16 8 11 21 20 12
16 11 10 2 11 9 7 19 24 17 6 8 3 18 41 63 86 111 126 129 126 123 116 109 115 117 113 111 111 103 82 53 30 18 14 14 12 12 19 20 11 3
18 15 6 5 11 2 15 17 12 9 10 29 61 89 107 111 112 112 100 75 56 48 40 41 53 70 85 102 120 130 126 108 85 61 38 26 23 20 20 24 19 6
10 11 6 10 6 7 6 10 15 30 60 86 101 102 91 69 53 45 32 12 16 11 13 24 38 48 52 56 79 103 120 125 119 99 67 45 38 29 21 24 21 5
11 10 5 10 7 4 7 7 32 77 101 94 74 55 32 11 6 14 18 14 23 34 46 54 54 44 32 22 30 46 68 92 111 112 94 78 69 51 34 35 30 7
13 11 7 11 9 4 17 51 88 100 75 30 13 25 25 13 23 38 40 30 26 31 32 28 19 9 4 3 6 10 20 44 76 97 103 107 104 81 57 56 49 19
7 2 4 11 9 18 57 100 94 35 41 57 49 44 30 49 57 51 36 22 17 11 7 9 5 5 4 3 1 2 4 15 38 62 85 108 116 100 76 71 63 31

28 7 7 7 1
42 8
8 14 4 13 7 7 3 5 10 15 3 11 11 1 12 6 8 2 16 13 17 19 18 38 72 84 78 78 83 57 22 6 22 23 19 24 29 46 49 42 35 42
8 14 4 14 8 8 4 6 10 16 6 10 12 2 10 7 3 6 21 16 21 42 48 63 93 93 57 35 34 17 21 16 41 37 29 35 48 55 42 25 22 30
7 12 3 13 7 7 3 5 10 16 8 8 13 3 7 9 4 14 26 3 49 81 74 63 68 47 18 29 44 45 11 31 54 41 25 27 37 31 11 2 11 16
7 12 3 12 6 6 2 4 10 16 9 6 13 5 4 6 12 24 22 28 92 108 70 20 31 68 45 16 26 52 60 63 48 20 10 9 16 5 9 6 14 14
9 14 3 9 6 3 2 0 9 13 10 5 14 11 7 6 14 35 8 89 123 73 4 45 19 36 33 47 71 86 75 46 21 15 11 4 14 6 13 5 6 8
10 15 7 7 10 4 2 7 12 12 15 8 16 14 19 15 20 29 84 149 86 28 72 30 62 88 71 57 60 56 31 2 4 9 18 10 21 10 19 8 7 4
7 13 10 0 6 5 2 10 12 16 26 13 14 10 21 18 18 57 150 112 31 87 17 103 112 57 38 41 42 29 27 14 10 6 11 16 18 1 11 7 6 8
4 10 10 4 9 6 1 10 14 22 28 15 11 4 21 16 45 133 122 12 99 16 115 140 67 21 25 26 18 20 19 7 3 10 7 4 10 20 20 16 16 17

32 0 7 7 1
25 7
4 2 10 6 8 10 8 5 12 17 20 13 18 15 8 8 8 4 11 17 20 11 15 24 12
4 1 8 5 8 9 7 4 10 15 17 13 17 14 7 9 7 5 14 19 19 13 13 25 20
4 0 5 2 8 8 7 5 7 11 12 10 13 10 9 11 7 7 15 19 17 11 8 20 22
5 3 7 4 7 6 6 4 4 7 7 9 10 6 9 12 7 9 15 17 13 8 6 16 20
11 9 10 8 6 7 7 3 2 4 4 12 12 11 11 12 6 15 20 17 7 7 7 12 23
13 9 8 9 6 9 7 3 3 4 6 11 6 8 9 11 6 18 19 15 6 4 17 4 31
12 8 8 9 7 6 4 2 5 7 6 7 1 8 7 9 12 17 13 14 12 17 33 55 72

20 0 7 7 0
45 7
131 133 133 132 132 131 130 130 129 128 128 129 131 130 128 125 118 114 110 110 113 116 116 113 113 118 115 98 71 51 42 42 65 75 70 61 59 57 58 62 62 60 59 61 64
130 131 131 130 130 130 130 130 129 128 127 128 129 129 127 123 116 112 110 111 113 114 112 110 111 115 111 93 65 45 40 46 72 79 74 67 66 64 65 72 72 70 69 71 73
128 129 128 128 128 128 128 129 129 128 125 126 128 129 126 121 114 111 111 111 112 112 109 107 109 111 107 88 59 38 38 49 72 76 70 66 67 65 66 73 74 71 70 72 74
128 127 126 125 125 126 127 128 129 127 124 125 127 128 124 120 112 111 111 111 111 110 107 105 107 108 103 85 54 33 36 50 67 69 62 61 65 63 63 69 69 66 65 66 69
128 126 125 124 124 125 127 128 129 128 125 125 127 128 123 118 111 110 111 111 111 109 105 103 106 107 101 82 51 33 37 51 65 64 58 57 61 61 63 67 66 62 60 62 65
123 120 120 121 122 123 124 125 126 126 125 126 127 126 122 117 111 110 110 110 109 107 105 103 106 106 98 75 49 35 40 50 65 63 60 58 58 62 67 71 70 66 64 66 69
107 107 107 107 107 108 109 110 108 108 111 115 117 117 115 114 112 112 111 110 109 106 104 102 105 103 92 68 43 32 39 50 62 60 58 56 58 61 66 69 69 66 65 67 71

36 12 7 7 0
47 25
116 113 113 112 108 108 107 100 58 39 29 32 32 32 34 36 39 39 39 39 39 37 34 29 23 28 29 30 42 64 84 85 69 55 48 47 43 34 28 25 24 30 43 52 53 52 53
117 114 116 116 109 109 108 96 55 38 27 31 34 32 32 36 38 39 39 38 35 31 28 28 33 31 27 29 46 70 86 83 69 58 52 53 51 46 41 33 25 24 36 49 54 53 55
117 114 116 116 110 110 107 93 52 36 26 30 34 32 34 37 37 40 41 36 29 26 27 27 21 19 30 54 73 77 70 57 44 39 37 37 37 40 45 43 36 32 33 41 51 56 55
117 113 114 115 111 109 103 86 48 34 27 32 36 35 37 41 40 41 40 33 25 22 24 23 14 25 47 68 74 62 47 38 33 29 27 27 26 31 40 46 45 40 33 36 49 57 54
117 112 113 115 112 110 100 80 45 34 31 37 42 40 42 47 46 42 36 29 23 21 21 23 30 46 55 55 54 53 51 45 36 28 24 22 20 21 25 37 48 46 36 36 49 57 53
118 112 113 116 114 113 99 75 41 34 35 44 49 46 47 52 51 44 35 27 23 21 18 19 29 41 43 42 53 72 78 67 47 35 27 25 23 20 18 28 42 47 41 39 48 55 53
117 111 111 115 114 112 96 69 37 33 38 50 54 50 50 54 52 46 37 29 22 18 16 18 25 32 38 47 63 77 78 72 62 46 35 30 27 23 21 23 33 43 44 41 45 53 57
114 107 106 110 111 108 91 62 33 31 39 53 57 52 51 54 50 49 42 31 21 15 16 18 21 23 34 52 69 80 86 84 69 52 37 29 24 21 23 20 27 40 45 42 43 52 62
120 118 113 110 113 111 89 59 33 29 35 51 58 53 50 54 58 53 43 31 22 18 19 20 20 23 34 51 70 85 94 90 71 53 39 30 23 22 28 23 24 36 44 45 45 49 56
105 104 100 97 100 99 80 55 39 32 36 48 53 47 44 47 45 42 37 30 24 22 22 21 18 21 28 41 55 66 72 71 59 43 33 29 25 24 28 22 21 30 40 46 48 50 50
74 77 76 73 76 78 66 49 39 33 33 41 41 34 32 34 26 27 27 25 22 20 19 20 20 20 23 28 34 38 39 38 33 24 21 22 22 21 19 18 18 21 29 40 49 51 51
91 92 92 90 91 93 88 79 77 71 70 73 72 67 66 68 60 62 63 63 60 58 56 54 47 47 46 46 46 44 42 40 38 39 39 39 39 37 34 34 31 27 28 36 46 53 55
63 65 65 63 62 64 63 58 63 61 60 60 60 58 59 62 57 58 58 56 54 53 54 55 59 59 58 56 54 51 49 48 51 57 55 48 46 46 44 45 45 41 39 43 48 54 56
52 51 50 48 46 47 46 46 48 48 48 48 47 47 50 53 49 49 49 48 46 48 51 50 44 45 45 43 40 40 41 40 44 49 43 35 39 46 47 45 42 40 41 46 52 57 59
52 50 46 46 46 46 45 45 42 44 44 42 39 40 42 44 42 44 44 43 42 42 44 46 46 47 46 44 43 44 46 45 45 46 41 45 67 88 94 84 68 50 38 39 47 53 56
55 52 49 49 50 50 49 49 47 50 50 46 41 41 42 43 46 48 49 47 45 43 42 43 44 45 44 42 40 42 47 45 42 41 40 57 96 128 138 139 120 80 47 34 38 44 45
51 51 50 49 49 49 49 49 48 48 46 46 45 45 45 45 46 46 47 47 47 46 45 44 43 45 46 47 46 45 44 44 41 37 54 88 118 134 141 112 91 85 63 37 33 47 53
57 57 54 52 50 48 47 47 51 50 49 49 48 48 48 48 48 49 49 49 49 48 47 45 44 45 45 45 45 45 44 50 49 43 65 100 111 94 73 43 30 32 31 36 43 47 50
54 53 51 49 49 49 50 51 48 48 48 48 47 47 47 47 47 47 47 47 47 46 45 46 47 46 46 45 46 46 47 47 39 35 64 107 122 98 65 38 53 62 32 21 37 45 42
54 53 51 50 50 51 52 53 48 48 48 49 49 48 48 48 49 49 49 49 48 47 46 47 50 49 47 47 47 48 49 52 49 46 66 107 139 139 118 116 134 114 57 34 44 48 49
55 54 52 51 50 49 50 50 48 49 50 51 51 50 49 49 51 51 51 51 50 49 49 49 49 48 46 46 46 47 49 46 41 42 50 79 122 148 146 144 128 81 45 47 48 39 49
51 50 51 51 51 51 50 50 46 48 50 51 51 50 49 48 49 49 49 49 49 48 47 47 47 46 46 46 46 46 47 47 48 47 46 56 81 103 109 92 73 52 39 46 49 43 47
68 66 66 65 61 57 53 50 50 52 54 56 56 55 54 53 51 51 52 52 51 50 49 49 48 48 49 49 49 49 48 48 46 40 38 38 38 41 49 54 56 56 54 54 55 55 50
93 92 90 85 78 68 55 44 51 54 57 61 62 61 59 57 58 59 61 62 62 62 63 62 57 58 59 60 60 59 58 57 53 48 52 56 52 51 60 67 56 46 51 56 54 49 43
96 96 94 92 90 82 62 43 43 46 50 53 54 53 51 49 52 55 58 61 63 66 69 69 65 66 68 70 70 70 69 68 65 62 59 58 58 59 61 62 58 49 47 51 53 49 43

18 0 7 7 0
16 27
124 124 122 121 121 122 122 122 123 123 122 121 120 121 121 119
122 121 121 122 122 121 121 120 120 119 121 120 119 120 122 118
122 123 123 124 123 123 122 122 122 121 121 118 116 119 121 117
118 118 116 114 114 115 115 116 116 116 117 114 112 117 119 115
97 96 97 98 98 98 99 100 101 101 105 104 103 107 111 108
103 101 99 96 94 93 91 90 89 89 87 86 86 88 92 95
110 110 109 109 108 108 106 105 104 102 99 97 95 96 101 106
109 109 109 108 109 109 109 107 105 103 104 102 98 99 105 109
111 110 108 108 109 110 110 109 106 104 107 106 102 102 108 112
109 107 109 112 113 114 114 113 111 109 112 111 107 108 112 115
113 112 112 113 113 113 113 112 111 110 112 112 110 111 114 115
117 120 118 115 114 113 113 113 113 113 113 113 114 115 116 116
118 118 117 116 117 117 117 116 116 116 115 115 116 117 118 118
118 116 115 116 118 120 119 118 116 115 114 114 115 116 117 118
117 118 118 117 119 121 121 119 117 114 113 113 114 115 116 117
119 118 118 118 118 119 119 120 119 118 116 115 116 117 118 118
120 115 117 121 117 115 116 118 119 119 118 117 117 118 119 119
121 119 122 123 118 114 114 116 117 116 116 116 117 117 118 118
108 119 123 120 115 113 114 117 117 114 115 116 117 118 118 117
82 102 111 110 109 112 117 121 120 117 117 118 119 119 120 119
48 59 81 105 115 118 116 118 119 114 112 113 114 115 116 118
36 44 41 45 69 89 100 103 98 88 94 100 101 102 104 106
29 34 47 55 51 50 52 53 54 57 58 58 59 61 63 64
25 27 25 28 51 89 117 118 102 89 91 95 95 95 95 96
26 23 25 26 33 57 79 82 74 71 69 67 66 65 63 62
27 24 21 19 26 48 67 70 62 59 61 61 60 58 56 54
27 25 27 32 41 56 68 69 61 55 56 57 56 55 53 52

16 17 7 7 0
35 23
123 122 122 123 124 124 124 124 124 124 124 124 123 122 121 121 123 123 121 119 121 121 121 121 119 118 116 115 115 92 58 37 33 36 37
124 123 123 123 124 123 122 121 121 121 122 123 122 122 123 123 122 122 122 123 122 122 121 121 120 118 116 115 113 88 56 38 34 37 38
124 123 123 123 125 126 125 124 124 124 125 126 123 123 124 124 122 122 124 127 123 122 122 121 120 118 117 116 108 83 54 38 36 39 41
122 128 130 125 123 125 125 123 122 121 122 125 121 120 123 123 122 121 123 127 122 121 121 118 118 119 117 112 105 81 54 35 33 49 56
109 122 128 128 124 122 125 126 126 124 121 120 119 121 123 122 121 121 122 123 125 126 125 122 122 124 122 116 105 75 47 32 34 51 59
71 85 102 119 127 127 127 126 124 123 124 126 129 129 128 127 128 128 127 127 120 120 119 116 116 118 115 110 107 70 42 36 43 58 64
41 49 65 89 111 123 127 126 120 115 116 120 122 121 119 119 121 123 122 119 123 125 125 122 121 123 121 116 101 60 33 34 45 58 63
41 41 45 57 70 83 103 120 125 123 125 131 128 124 122 124 127 131 131 128 121 120 119 117 116 118 116 111 97 59 37 41 50 60 65
34 34 36 41 47 55 69 81 86 88 94 101 100 97 98 100 103 106 106 106 110 113 112 109 109 111 108 103 79 52 37 37 41 50 55
23 27 31 32 42 54 54 57 60 61 57 52 57 62 64 65 66 66 67 69 74 77 76 73 73 75 73 68 65 53 45 38 32 41 47
28 34 35 25 22 33 52 83 115 132 125 107 104 107 110 110 108 107 109 112 104 102 102 99 99 100 99 93 95 92 88 77 68 75 82
29 31 31 28 25 24 29 40 61 80 85 75 74 74 71 68 67 69 71 73 74 74 74 74 74 73 72 72 73 73 72 71 70 70 69
31 25 25 31 33 34 40 49 62 75 77 70 69 68 66 63 62 61 62 63 60 60 60 59 58 58 58 58 57 57 56 54 53 52 51
29 26 24 26 25 27 37 50 62 71 73 69 66 65 64 63 62 62 62 62 65 65 63 61 61 61 62 63 61 61 60 58 56 55 54
26 34 33 25 20 25 37 53 68 76 74 67 62 61 61 63 64 65 65 66 63 61 59 57 56 57 58 60 58 58 57 56 54 53 52
27 32 35 32 29 32 42 60 77 84 76 64 61 62 62 63 63 64 64 65 63 61 59 57 56 57 58 59 57 57 56 55 53 52 52
38 28 28 33 31 28 38 57 77 83 77 67 68 69 67 66 65 64 64 65 64 64 63 61 61 61 62 62 59 58 58 58 57 56 56
65 44 31 27 26 28 38 56 71 76 73 72 72 71 68 65 64 64 65 66 61 60 60 60 59 59 58 58 56 55 56 56 55 55 55
93 76 52 29 26 35 44 59 70 73 72 72 70 68 66 64 63 63 64 65 64 62 64 64 62 62 64 63 60 60 60 61 61 62 61
107 102 82 55 40 39 47 59 69 74 73 70 68 68 68 67 66 64 62 62 63 60 64 66 58 60 67 66 64 63 62 62 61 60 58
110 108 100 90 74 63 65 69 73 75 73 71 67 66 65 65 63 62 61 60 63 61 65 66 59 59 64 61 62 62 61 59 56 54 53
107 104 104 107 103 95 94 94 94 95 93 91 87 85 84 83 81 81 80 80 80 76 79 80 71 69 71 66 60 59 59 59 60 61 61
106 102 103 107 109 109 108 108 108 109 107 105 105 105 104 102 101 101 101 101 99 94 96 97 89 86 86 79 63 58 56 60 66 70 68

3 14 7 7 0
15 15
143 142 143 143 143 143 143 145 145 146 147 145 145 146 147
145 144 144 143 141 141 141 143 145 147 146 145 145 146 146
146 146 145 143 141 139 140 143 146 147 144 144 143 144 145
147 146 145 143 141 140 141 144 146 147 143 142 142 143 144
146 146 146 144 142 142 142 144 147 147 144 142 142 143 144
146 145 146 145 144 143 144 145 147 147 144 144 144 144 145
143 142 142 143 148 141 136 144 147 147 148 144 143 147 149
144 142 140 137 143 145 150 155 145 136 140 145 148 146 143
144 142 146 145 142 139 139 145 148 146 145 146 144 140 139
143 137 130 145 149 153 151 145 144 141 138 139 145 153 157
141 138 137 131 108 122 141 143 144 143 149 144 142 145 149
140 140 148 118 56 50 69 83 109 128 149 152 151 147 144
142 138 127 110 52 46 51 40 50 60 83 111 141 158 160
143 142 141 114 51 56 73 56 47 36 39 50 72 101 127
148 148 140 113 51 46 70 59 44 44 43 38 35 40 59

17 8 7 7 1
42 26
14 11 23 11 5 9 14 5 21 20 3 10 3 19 19 16 28 19 6 11 7 9 50 129 124 43 10 11 9 4 10 11 9 35 67 104 133 114 68 47 28 13
14 12 25 13 8 7 15 2 19 22 5 10 6 21 19 15 28 20 6 13 8 11 75 143 106 30 6 9 9 10 15 14 20 42 86 120 92 41 51 40 8 9
12 10 24 13 7 4 15 5 17 23 6 8 6 21 19 14 28 19 4 14 7 8 91 146 84 17 13 18 14 15 9 15 46 63 83 73 64 78 78 24 7 7
14 12 24 13 6 3 14 7 22 26 10 9 9 24 19 14 28 19 5 17 6 8 102 144 59 6 19 20 16 7 15 49 76 77 54 49 58 60 30 5 8 21
17 15 26 14 4 5 11 6 27 27 10 9 12 24 16 14 27 17 6 17 6 7 113 141 37 8 23 15 9 18 47 72 74 52 8 27 26 24 21 10 18 19
15 9 23 12 2 8 8 8 23 20 5 5 9 19 11 15 27 12 5 10 3 12 123 136 30 23 32 15 14 46 67 61 34 23 22 23 11 22 30 22 15 11
22 11 22 10 2 8 6 8 20 16 2 2 6 16 10 17 25 11 4 7 7 26 131 133 36 33 37 24 37 68 65 34 9 29 30 20 16 18 27 28 20 12
24 10 22 10 2 8 6 8 20 16 3 3 7 14 9 16 22 10 2 3 9 44 135 124 37 27 26 24 68 73 41 7 25 37 29 35 17 12 17 27 26 19
21 6 19 8 1 8 6 8 20 16 4 2 6 12 8 16 21 8 3 4 4 66 138 110 35 17 9 45 83 57 14 29 37 33 16 31 25 16 22 26 39 88
22 7 19 8 1 8 6 8 20 16 4 0 4 11 6 15 20 6 9 10 10 91 141 97 36 12 3 54 78 29 34 49 36 26 13 23 25 21 15 28 81 118
28 15 26 13 3 8 6 8 20 16 5 1 4 10 4 14 19 4 16 11 15 107 136 83 35 8 4 51 65 18 56 52 35 27 20 23 24 19 18 58 79 76
16 7 20 11 3 8 7 9 22 18 8 2 5 13 7 17 17 4 16 8 20 115 125 65 27 5 6 50 66 22 63 39 25 26 23 25 24 25 41 73 54 61
12 16 24 12 3 8 8 8 22 18 10 5 8 19 7 21 16 2 15 15 39 119 112 48 30 16 22 47 47 31 53 23 13 15 15 14 17 37 61 73 12 105
7 13 17 7 2 8 8 6 19 15 7 3 7 23 3 26 14 0 20 28 50 109 94 36 24 18 29 33 23 27 37 13 11 8 14 7 18 40 77 73 79 152
6 12 15 6 2 8 8 6 18 14 6 2 6 24 4 26 11 4 17 24 40 94 80 32 15 3 24 24 2 22 19 2 7 2 14 20 13 41 60 64 128 112
5 12 15 5 1 8 8 6 18 14 6 2 5 23 4 26 8 7 10 27 58 97 76 32 19 4 31 29 21 22 20 21 21 19 18 16 22 54 25 81 102 19
6 14 16 4 1 8 8 6 18 14 6 2 4 22 3 23 6 9 2 13 57 104 76 31 21 9 50 38 32 32 31 31 29 29 56 47 42 33 26 72 32 44
4 14 16 3 3 8 8 6 18 14 6 2 3 21 3 21 3 9 5 22 79 116 77 32 17 13 53 37 26 30 36 36 27 38 54 68 23 20 26 42 26 67
2 12 13 2 3 8 8 6 19 15 6 2 2 19 3 20 1 8 5 26 82 111 70 31 19 17 50 32 13 32 28 33 19 35 29 49 32 8 11 24 26 71
5 14 22 11 5 18 8 16 27 14 5 5 9 19 3 14 10 18 13 35 86 101 56 21 19 28 55 38 13 16 3 13 7 17 14 35 23 18 26 29 16 44
26 20 21 12 15 14 3 19 26 19 14 14 19 13 7 7 13 15 10 34 72 88 68 36 24 25 36 36 20 24 19 6 8 11 14 42 41 44 56 77 55 66
131 79 32 3 6 19 18 26 37 42 37 38 50 41 39 39 44 40 30 33 58 94 102 96 94 93 110 110 90 89 89 89 86 83 83 98 97 102 94 109 102 114
164 190 158 87 23 17 21 62 61 22 11 12 26 19 0 5 10 5 13 19 62 90 101 115 124 125 122 99 73 64 53 41 31 24 22 31 30 21 8 16 9 21
54 122 171 155 89 78 113 87 21 17 16 22 31 26 18 17 16 13 24 31 36 33 28 39 44 49 59 66 67 69 70 70 69 67 66 57 57 49 55 62 45 50
19 13 93 186 200 114 144 136 71 67 92 94 86 81 76 70 68 69 72 79 87 83 77 77 75 72 64 50 41 38 32 26 21 17 20 18 13 8 10 9 7 14
13 7 34 117 176 150 175 135 68 51 49 33 28 20 20 12 12 16 17 10 6 3 3 4 7 8 10 8 5 7 6 5 6 7 14 18 13 13 9 7 3 6

6 17 7 7 1
30 8
37 8 15 11 12 16 8 13 26 18 12 26 10 14 16 11 9 6 7 23 28 12 4 8 8 6 13 20 19 7
35 17 23 12 15 19 12 10 25 16 10 21 5 19 25 17 10 3 8 17 19 12 11 16 17 6 8 17 17 5
25 15 27 10 20 22 12 13 30 16 12 21 4 21 21 8 1 2 8 15 19 11 9 15 19 11 15 27 25 12
14 27 34 6 16 20 11 19 27 11 13 21 6 17 25 15 6 2 7 14 17 9 4 13 16 8 24 30 20 20
21 34 40 6 21 22 7 18 33 21 6 22 17 6 21 13 6 2 7 11 13 5 4 17 17 8 20 19 7 20
67 64 106 85 42 20 6 20 18 21 12 4 19 21 27 17 9 4 9 12 13 4 1 14 15 5 14 13 6 18
81 78 96 122 100 64 30 22 20 9 6 10 12 22 17 11 10 5 11 16 16 6 5 14 14 4 14 14 9 19
98 62 39 78 110 116 102 65 24 10 12 3 22 22 5 3 10 6 11 18 19 7 3 12 13 4 13 11 12 14

36 0 7 7 0
25 8
133 136 132 123 118 118 118 116 114 118 121 116 108 104 107 109 94 96 99 102 104 105 107 108 109
127 128 128 124 120 120 117 113 120 120 117 111 106 105 110 113 102 103 104 106 107 107 108 106 100
117 119 121 121 122 123 118 110 123 119 110 104 102 105 111 113 100 101 103 104 106 107 107 106 104
108 110 113 117 122 125 119 109 108 101 92 87 89 93 96 96 85 87 90 93 95 97 98 99 99
106 107 108 112 119 123 116 105 80 74 68 67 70 71 71 70 70 71 74 76 78 80 80 80 79
108 106 106 109 116 117 106 90 64 61 60 61 63 62 60 58 64 64 65 65 65 64 64 63 64
109 109 108 110 114 110 91 70 62 62 63 64 65 64 61 60 62 62 62 62 61 60 59 58 56
111 109 107 109 112 105 81 58 63 64 64 64 65 64 63 62 59 61 62 62 61 60 59 57 51

25 18 7 7 1
34 9
12 6 10 6 17 25 36 31 13 13 7 18 17 95 80 20 24 11 19 27 41 68 32 48 41 27 25 13 7 19 29 33 42 38
59 42 28 24 19 18 21 22 24 26 20 20 29 106 66 8 27 26 26 15 35 58 35 22 34 31 27 13 25 13 25 50 63 18
153 135 109 95 90 75 54 33 15 1 4 4 53 105 50 8 21 44 34 14 30 33 21 7 17 33 37 23 26 6 28 62 38 62
106 138 149 147 152 149 139 132 122 97 52 26 68 96 39 13 32 52 30 20 30 12 20 19 24 22 28 21 6 6 33 60 43 126
123 81 49 37 29 29 50 79 114 129 111 70 76 88 30 7 36 54 19 31 31 9 7 14 15 6 10 14 11 23 53 65 78 97
132 137 138 137 137 131 137 130 92 84 86 80 80 78 26 4 38 51 1 51 39 30 15 21 22 18 24 10 20 20 43 41 88 38
22 4 25 40 46 56 68 101 103 106 104 78 79 73 20 6 44 51 15 64 40 37 24 32 31 26 26 26 28 18 36 34 68 38
201 186 174 152 124 106 72 39 34 37 31 29 75 70 14 8 56 56 31 66 32 28 17 29 26 19 19 36 35 38 18 48 38 32
41 84 119 130 127 137 129 102 96 102 78 51 77 66 13 14 60 54 39 71 24 14 11 21 16 10 13 32 26 12 32 42 35 36

9 14 7 7 1
30 28
8 20 24 20 12 6 6 6 7 11 8 7 6 10 14 9 12 13 21 2 13 2 9 3 8 7 11 12 10 9
17 26 24 12 10 4 3 2 4 7 8 3 7 13 11 6 10 17 20 2 13 2 10 1 11 8 10 12 11 11
23 24 15 8 9 7 7 3 5 5 5 4 2 6 9 13 8 15 15 8 13 3 10 4 14 10 10 12 11 11
23 16 5 10 13 9 5 6 11 8 4 3 7 7 9 15 9 19 16 8 10 4 9 5 15 12 10 12 11 12
18 8 3 8 10 7 1 14 17 11 13 9 5 3 5 6 6 17 11 4 9 6 9 5 15 12 9 12 11 12
13 2 3 8 13 8 4 12 11 5 10 15 8 3 5 6 16 21 13 8 14 11 17 5 14 12 17 24 19 15
6 4 11 10 18 6 2 11 14 9 2 8 11 11 11 8 13 16 11 11 18 5 19 1 13 7 25 30 25 14
8 5 18 4 21 9 4 11 15 9 3 1 12 21 14 18 20 16 13 14 26 7 20 3 12 7 26 32 22 15
10 6 18 1 20 12 3 19 20 8 3 4 15 19 5 14 23 21 13 12 25 11 18 4 13 8 33 36 13 15
23 17 12 4 16 15 8 25 21 7 8 6 10 16 14 28 30 19 7 6 15 9 11 3 8 7 35 31 8 8
29 10 5 8 11 15 12 25 17 7 12 5 6 10 23 30 25 10 3 10 8 1 1 5 2 9 33 24 18 13
3 14 17 8 5 11 15 21 11 4 12 10 6 10 15 15 7 4 11 12 8 6 5 5 3 11 26 19 25 10
35 23 17 8 2 5 13 14 7 3 6 9 7 2 12 17 12 8 12 11 9 8 6 3 7 12 20 9 22 12
112 26 39 53 30 10 7 8 9 7 1 5 11 11 1 12 17 13 23 16 6 2 3 6 18 24 29 10 23 23
199 164 58 56 95 79 56 30 11 5 5 8 4 11 13 13 22 3 13 10 12 13 10 14 14 13 22 5 14 20
146 224 226 109 49 103 134 127 85 42 19 20 25 7 11 13 17 4 12 7 9 12 13 14 13 8 14 10 20 28
51 128 244 255 194 86 62 142 189 175 137 109 91 60 26 18 20 5 6 1 4 9 11 12 9 11 11 7 8 19
25 32 124 226 255 255 239 105 93 169 225 244 241 213 167 129 104 76 53 37 23 22 18 23 27 25 18 14 9 19
5 10 24 82 152 238 255 255 255 150 42 98 192 247 255 255 255 222 187 162 138 116 95 76 64 57 53 44 38 49
87 22 3 8 32 82 166 255 255 255 255 255 168 72 23 107 179 222 239 246 249 250 244 228 207 187 173 161 153 154
145 70 26 8 7 22 52 104 185 255 255 255 255 255 255 255 214 125 51 39 79 132 184 225 244 243 235 230 230 231
157 143 95 34 4 9 11 18 42 80 128 182 228 255 255 255 255 255 255 255 255 210 145 70 20 25 40 52 70 84
104 153 162 118 59 19 7 19 16 11 21 44 62 73 92 134 196 250 255 255 255 255 255 255 255 255 255 243 233 221
25 79 138 165 145 93 32 16 24 4 6 7 13 12 10 22 35 63 97 135 176 228 255 255 255 255 255 255 255 255
6 17 57 105 148 163 135 70 18 6 8 9 13 12 12 13 4 6 9 12 21 38 60 87 112 130 137 137 139 145
8 3 14 32 69 119 154 150 113 67 25 3 15 15 6 3 3 4 6 4 2 3 3 1 7 16 26 34 40 49
12 1 16 16 10 26 60 104 140 150 129 89 45 16 4 12 12 10 5 1 3 8 12 12 9 5 4 8 13 17
20 3 19 19 18 24 15 8 52 100 134 147 129 101 75 43 15 3 10 9 13 16 18 16 15 9 4 8 10 11

29 3 7 7 0
27 4
132 130 132 131 126 124 127 132 134 133 131 127 123 122 123 121 126 118 99 87 89 90 89 99 97 94 89
131 131 132 131 127 125 128 132 134 133 129 125 123 122 121 120 123 114 94 85 89 91 88 88 88 87 86
128 130 131 129 128 128 129 133 134 132 126 122 122 121 117 118 118 107 91 87 93 92 85 82 81 81 84
128 130 130 129 128 129 130 131 133 131 126 122 122 120 115 115 116 107 90 84 86 85 80 86 80 75 78

39 3 7 7 1
34 16
18 20 12 4 6 9 13 65 77 35 13 5 21 33 31 30 22 5 10 18 20 22 44 83 104 93 60 30 46 80 81 71 64 55
24 20 10 9 12 14 28 75 68 11 15 7 15 29 35 28 11 9 20 21 27 37 33 40 83 121 172 205 210 184 147 117 94 84
24 14 7 15 16 14 31 67 54 7 15 23 23 14 22 21 27 19 12 10 32 59 95 150 176 171 157 136 104 75 55 42 39 51
19 9 5 17 15 9 25 58 54 25 29 39 29 16 8 10 18 23 33 61 87 105 107 92 55 23 15 14 11 14 17 13 8 13
20 10 7 15 10 2 28 67 68 38 24 25 23 25 22 28 13 51 80 81 73 50 25 15 4 6 16 23 23 21 18 13 11 10
19 10 6 16 12 8 45 83 77 38 20 8 12 32 24 27 77 89 62 26 8 10 22 30 28 16 18 20 17 11 9 10 11 10
27 16 9 13 9 27 75 97 71 24 20 18 26 12 39 81 80 42 7 4 10 28 29 15 21 25 32 25 17 14 15 17 18 16
35 22 12 13 20 52 95 94 49 9 20 18 24 43 84 70 28 6 7 20 31 29 11 6 7 18 12 8 16 19 14 4 6 14
29 8 5 12 25 68 105 81 23 14 17 18 32 62 67 36 18 24 20 30 21 13 15 13 33 72 130 172 170 166 149 117 88 56
11 13 18 14 24 86 115 60 16 15 15 28 49 47 31 14 2 16 19 22 9 12 54 119 184 247 255 255 252 252 209 167 161 162
2 10 26 16 34 112 112 30 24 13 12 38 41 19 3 16 18 12 17 4 31 89 158 201 206 185 142 52 68 127 107 52 11 99
3 14 28 20 60 131 96 12 30 17 22 40 26 9 8 6 22 26 6 55 110 145 129 62 92 152 183 186 210 168 124 97 109 95
7 12 21 31 90 133 74 22 33 23 23 33 13 12 10 8 27 21 49 120 137 75 24 84 101 101 69 17 59 91 91 72 9 81
9 7 14 46 113 123 52 23 28 24 20 18 6 8 8 17 20 18 89 119 54 53 84 23 52 91 112 125 98 132 122 85 72 55
16 2 7 61 128 110 33 16 12 15 23 5 7 3 12 15 7 52 80 49 48 85 18 57 60 44 84 82 66 118 138 81 45 62
17 6 7 73 137 98 14 13 4 4 21 2 7 2 9 9 30 63 32 40 64 23 39 42 32 47 103 150 120 133 161 106 46 28

38 10 7 7 0
32 18
125 119 118 118 115 109 107 92 76 70 69 71 78 84 91 76 62 56 58 61 61 56 51 53 52 48 43 42 44 45 45 46
123 118 117 117 114 107 103 86 69 64 64 69 78 84 70 64 58 57 58 57 54 50 47 48 47 44 40 42 47 48 47 48
122 120 116 115 114 108 98 76 60 62 70 72 74 74 52 57 60 59 56 54 53 50 44 47 49 56 70 89 105 110 105 96
122 121 115 115 115 109 89 67 54 63 74 72 66 62 56 56 57 58 58 55 51 48 50 61 78 108 146 176 185 176 153 127
121 120 114 115 116 108 80 64 55 62 68 63 57 56 62 55 53 57 58 52 48 52 73 96 117 132 146 151 141 117 94 84
120 119 113 115 115 105 72 62 57 61 63 57 54 55 55 55 57 57 49 46 58 78 101 106 102 89 81 82 89 94 95 90
120 117 113 115 113 99 64 58 57 58 56 54 56 58 50 55 60 57 47 53 80 105 102 79 69 79 95 109 126 132 119 101
119 116 112 114 109 90 54 53 52 52 50 51 56 60 54 54 54 54 58 72 94 99 72 66 78 100 111 118 136 148 141 122
120 116 112 113 104 81 47 48 50 48 47 49 53 56 56 53 49 52 66 81 85 74 59 77 92 93 89 106 142 166 151 121
120 117 111 112 101 74 43 47 50 50 49 50 51 51 49 53 51 51 64 74 65 57 76 84 85 86 95 104 106 105 100 79
115 114 111 112 97 67 43 48 51 51 52 54 52 49 48 46 51 59 61 57 54 57 69 88 94 80 65 70 92 116 127 117
114 113 111 111 95 65 43 48 51 51 52 55 53 49 49 46 51 58 55 48 49 53 55 72 85 89 91 101 119 140 146 131
114 112 110 109 94 65 43 48 51 50 52 54 53 49 49 48 52 54 48 41 44 50 55 67 84 99 112 123 130 141 152 148
114 112 109 107 92 64 44 48 51 50 51 54 53 50 48 49 52 50 42 37 42 54 73 87 98 103 107 114 121 133 149 154
114 111 107 104 90 62 44 48 50 49 50 54 54 50 46 49 51 48 41 38 43 59 87 101 107 104 104 113 124 134 139 140
114 111 105 102 88 61 45 49 50 49 50 54 54 50 45 48 49 46 42 41 44 58 89 96 98 98 105 117 122 124 130 143
114 111 104 100 87 60 45 49 50 48 49 53 54 50 46 48 48 45 42 41 41 50 76 87 93 93 99 108 111 111 126 146
114 111 103 99 86 61 46 49 50 48 49 53 54 51 46 48 46 44 42 41 38 40 59 84 97 95 96 103 110 119 127 129

36 4 7 7 1
48 5
2 4 5 3 3 3 2 2 1 9 9 8 9 6 2 2 11 21 29 49 88 136 177 219 250 255 255 250 234 229 230 241 245 236 220 199 171 129 78 36 18 17 21 14 6 3 8 9
3 4 4 2 3 3 3 4 3 7 8 12 12 5 3 16 35 57 104 178 249 255 255 255 244 219 196 164 148 138 136 157 189 210 224 241 255 252 219 158 80 27 17 27 22 11 7 10
3 3 2 1 4 5 5 10 11 7 19 24 12 10 19 57 105 173 255 255 255 251 193 150 115 84 59 45 49 41 29 31 54 83 110 145 193 231 255 255 213 119 42 25 29 12 6 10
4 5 5 6 9 8 8 12 8 10 29 19 8 20 84 160 231 255 255 248 155 86 59 47 32 18 10 10 23 31 28 22 23 36 48 70 104 134 172 237 255 255 157 66 31 21 18 19
6 8 9 10 12 11 11 11 8 15 19 5 19 109 214 255 255 255 179 86 33 23 25 14 10 7 3 8 11 22 28 26 29 28 20 28 47 65 90 143 227 255 255 191 88 32 21 21

51 12 7 7 0
19 19
22 18 21 21 17 18 21 22 21 21 22 22 22 22 22 22 22 22 22
17 19 19 18 20 21 22 20 19 20 20 20 21 21 22 22 22 22 22
17 20 20 19 20 21 19 17 15 16 18 20 23 24 23 23 23 22 22
19 20 19 18 18 19 18 16 16 18 20 23 26 27 28 28 30 31 27
19 20 17 15 15 17 19 20 20 22 22 23 25 28 31 33 37 38 34
17 18 15 13 14 18 22 24 24 23 21 20 20 23 27 31 34 35 36
15 16 14 15 18 21 24 24 23 20 18 17 17 19 21 24 25 26 30
16 14 15 18 22 25 25 23 20 18 18 17 17 17 18 19 19 20 22
14 14 18 22 24 22 19 18 18 18 18 18 19 22 26 28 27 25 24
14 13 17 21 21 19 16 16 17 18 18 18 20 23 26 29 29 28 27
14 11 14 17 17 16 15 16 18 19 19 19 20 22 25 28 28 28 28
13 12 13 14 14 15 17 18 21 23 23 23 23 25 27 28 28 28 28
13 15 14 14 16 18 21 23 25 27 27 27 28 29 30 31 33 34 31
12 16 15 16 19 23 26 27 28 30 31 31 32 33 34 35 38 40 37
13 17 16 17 21 27 29 30 30 31 32 34 35 36 37 38 40 42 41
13 16 16 18 23 28 31 31 30 31 32 34 36 38 39 39 39 39 43
28 25 29 32 32 32 34 35 35 34 37 38 39 41 42 41 36 39 45
34 35 35 35 34 35 35 35 34 32 37 38 34 30 31 35 38 40 42
31 33 30 29 29 30 30 29 29 30 29 29 29 28 28 29 32 31 27

20 0 7 7 1
43 25
2 2 2 2 2 2 0 2 2 0 2 2 2 2 0 4 3 4 4 2 0 0 2 3 6 5 6 5 6 7 5 5 6 4 3 5 6 4 1 6 12 17 17
2 2 2 2 2 2 0 2 2 0 2 2 2 2 0 3 3 5 5 3 2 2 2 3 4 2 3 4 4 3 2 3 3 5 8 11 14 15 14 9 5 8 6
2 2 2 2 2 2 0 2 2 0 2 2 2 2 0 2 1 5 5 4 3 3 3 2 3 3 5 6 5 4 4 5 8 12 18 19 15 12 9 10 8 9 3
2 2 2 2 2 2 0 2 2 0 2 2 2 2 0 2 1 4 4 4 3 3 4 3 4 3 5 5 4 4 6 13 16 14 12 5 4 8 6 8 18 17 15
2 2 2 2 2 2 0 2 2 0 2 2 2 2 0 1 2 5 5 4 3 3 3 5 8 8 11 11 11 11 11 16 13 3 5 8 6 6 13 29 32 32 42
3 2 2 2 2 2 0 2 2 0 2 2 2 2 0 0 2 5 5 4 2 2 4 9 13 12 14 12 10 10 12 16 7 7 7 6 29 52 73 103 121 130 143
5 3 4 4 3 3 2 4 4 2 4 4 3 3 2 3 6 7 6 5 4 5 6 12 15 14 15 9 6 8 15 15 8 12 33 80 126 156 173 192 190 175 166
5 4 5 4 3 4 3 4 4 3 5 4 3 4 3 4 6 5 5 4 4 6 6 10 12 9 9 10 15 14 10 8 28 78 144 194 209 198 176 149 111 79 57
2 2 4 3 3 4 3 4 4 3 4 3 3 4 3 3 2 3 4 3 4 5 4 5 7 8 11 9 5 8 19 64 132 188 219 203 156 109 71 36 16 8 9
3 3 4 4 4 4 4 6 6 4 4 4 4 4 4 4 3 4 6 6 8 8 7 6 13 26 20 6 6 42 102 190 233 205 158 88 36 17 11 8 12 9 18
3 4 4 5 5 4 4 5 5 4 4 5 5 4 4 4 5 8 10 10 12 12 11 18 31 29 10 18 69 151 205 229 179 97 49 8 4 7 9 5 14 16 20
3 4 4 5 5 4 4 5 5 4 4 5 5 4 4 6 8 10 12 13 15 14 12 25 24 2 13 78 167 221 202 132 50 6 3 10 17 12 5 7 7 12 11
3 4 4 4 4 4 4 6 6 4 4 4 4 4 4 8 9 9 11 12 14 13 12 16 7 11 80 169 213 183 103 25 6 12 11 13 11 13 6 9 8 2 6
4 5 4 4 4 4 4 5 5 4 4 4 5 7 8 11 13 16 15 11 14 17 18 9 20 87 173 213 175 88 14 6 12 22 16 7 3 10 14 16 5 6 7
4 4 3 4 4 4 4 4 4 3 2 4 7 10 12 12 14 16 10 7 15 20 19 18 72 171 209 169 88 18 8 10 24 17 10 4 3 3 5 3 6 6 4
4 4 4 5 4 4 4 4 4 3 2 5 8 9 9 7 5 9 8 6 14 14 13 46 138 210 177 86 23 6 11 23 19 8 7 6 6 2 3 6 9 12 16
6 6 6 6 4 5 5 4 5 5 4 6 9 9 7 7 3 3 11 21 15 14 34 110 193 197 116 20 5 15 18 13 7 4 5 5 6 5 9 18 27 31 34
7 7 7 6 5 7 6 5 7 6 5 7 10 11 10 12 10 10 28 30 11 29 87 174 202 138 46 18 2 24 8 3 5 4 3 6 10 13 17 27 27 19 14
8 8 7 6 7 7 6 7 7 5 6 8 10 12 11 10 7 10 31 23 12 64 144 198 162 66 2 18 21 30 12 6 5 2 6 12 15 16 15 14 14 14 19
7 7 5 5 6 5 6 7 5 4 6 8 9 11 11 6 3 11 24 22 43 118 179 177 100 14 9 8 32 18 14 11 10 5 8 13 13 11 6 10 14 21 20
4 4 3 4 4 4 5 4 3 4 6 7 7 10 11 4 4 16 23 39 90 158 174 126 41 12 5 26 16 7 6 11 12 14 11 13 9 3 3 10 15 16 13
1 3 4 3 5 8 9 6 4 4 5 5 7 10 9 6 11 23 36 64 114 157 136 71 11 9 17 18 7 14 10 10 4 15 18 12 4 4 7 14 16 12 8
7 4 7 8 8 10 9 7 6 4 5 5 9 10 9 12 17 33 60 85 120 144 100 36 8 10 14 12 8 5 8 11 11 20 15 6 9 10 10 13 10 4 4
13 14 16 12 9 7 3 2 4 6 6 7 11 11 11 11 14 43 81 94 114 127 73 19 10 7 6 5 3 4 5 2 8 12 11 11 16 13 12 7 5 3 4
12 10 8 7 6 5 3 3 6 8 7 9 12 12 12 8 16 58 93 86 89 98 51 15 12 5 4 5 4 2 1 3 7 6 7 13 12 7 7 4 5 5 4

29 0 7 7 0
18 14
154 154 153 153 153 152 152 151 151 151 150 150 150 150 149 148 148 147
154 153 153 153 152 152 152 151 151 151 150 150 149 149 148 148 148 147
153 153 153 152 152 152 151 151 151 150 150 149 148 148 148 148 147 147
153 153 152 152 152 151 151 151 151 150 150 149 148 147 147 146 145 145
152 153 152 152 151 151 151 151 151 150 149 148 148 147 146 147 144 142
151 152 152 152 151 150 150 150 150 150 149 148 146 145 144 149 144 140
151 152 152 152 151 150 149 148 148 147 146 145 143 143 142 139 144 141
151 152 152 151 150 149 149 147 147 146 144 143 141 140 139 141 135 131
151 151 151 151 150 148 148 146 146 145 143 142 140 139 138 138 132 133
151 151 151 150 149 147 147 146 145 144 142 140 138 137 136 133 137 129
152 151 151 150 148 147 146 144 144 142 140 138 136 135 134 133 123 90
152 151 151 149 148 146 145 143 142 140 138 136 134 132 131 120 88 48
150 150 150 148 147 146 145 142 140 137 136 136 134 128 122 83 52 27
148 148 148 147 145 144 143 141 140 136 131 133 133 118 97 50 32 22

70 2 7 7 1
13 15
2 2 2 2 3 4 4 5 6 6 5 3 3
2 2 2 2 4 5 5 6 5 5 6 5 5
2 3 4 4 7 8 8 9 7 5 4 3 6
3 5 5 4 6 5 5 6 5 5 5 4 7
2 3 2 2 1 3 7 9 7 3 4 5 7
10 10 8 6 5 5 6 8 5 1 1 3 4
13 12 10 9 6 3 3 5 3 0 1 2 1
5 5 3 3 5 5 5 7 5 1 1 3 1
17 17 16 17 15 9 9 9 7 3 2 3 5
17 16 14 13 8 9 9 8 6 6 2 0 4
5 4 6 8 7 9 10 9 7 5 5 9 5
9 10 11 12 14 18 17 10 2 5 9 9 9
8 8 8 8 13 18 13 12 7 3 3 1 9
2 2 2 2 5 7 1 7 11 12 11 8 7
2 2 2 2 5 11 11 3 9 15 17 15 6

3 3 7 7 1
18 26
7 9 8 6 6 5 5 4 4 5 6 7 8 8 5 3 4 5
11 11 8 5 5 4 5 5 5 8 9 8 8 7 3 2 2 2
13 9 5 2 3 4 6 6 5 6 5 4 4 6 4 3 1 6
10 3 1 1 4 6 7 6 4 2 2 3 4 6 6 6 2 4
9 2 1 5 7 8 8 6 4 5 2 2 2 3 4 7 5 3
8 4 5 8 8 7 6 4 2 4 4 3 3 2 1 3 3 2
6 6 8 8 7 4 3 2 0 2 4 5 4 3 3 3 3 6
5 9 11 7 5 3 2 2 3 5 7 7 5 4 4 3 4 8
10 14 11 9 11 11 9 6 5 10 4 2 1 0 1 5 10 11
15 15 6 5 7 9 15 16 11 9 2 5 2 1 1 7 12 8
9 17 16 10 6 8 5 13 10 7 10 9 10 10 9 3 14 9
20 65 72 86 67 33 7 2 6 15 18 14 12 11 14 9 8 17
68 167 189 185 199 165 97 39 17 17 20 14 10 10 7 18 13 8
129 251 247 185 241 255 239 175 104 52 40 29 7 21 12 1 11 15
167 255 201 103 152 224 255 255 241 176 129 101 62 23 0 13 11 9
173 232 154 57 55 98 144 206 251 255 231 203 168 119 67 18 10 12
187 225 142 40 10 23 32 76 144 202 228 236 239 227 193 130 60 17
205 224 133 22 9 12 9 19 47 89 130 166 203 240 255 248 195 129
193 193 107 15 3 5 7 10 11 10 37 67 97 144 202 247 255 251
145 154 117 48 7 12 12 20 15 10 10 6 14 41 87 135 180 223
138 164 160 123 70 15 11 4 14 9 9 2 10 10 7 33 59 99
89 110 140 170 168 103 26 25 23 15 22 21 9 6 1 11 13 18
70 42 65 128 199 203 139 66 29 19 5 9 3 2 3 8 9 9
60 8 49 60 127 204 215 169 104 55 25 21 11 10 7 7 7 6
84 12 43 45 9 99 180 219 192 124 61 20 3 5 19 20 7 6
100 35 30 54 42 34 76 176 234 222 162 85 15 15 7 24 20 3

15 12 7 7 1
38 28
2 1 1 7 12 8 6 6 4 3 1 6 6 9 12 13 15 13 9 8 10 13 11 19 31 14 25 96 191 189 70 8 5 11 6 4 7 3
10 10 9 3 14 9 3 5 3 3 3 4 1 9 12 14 16 13 10 9 9 9 7 17 23 2 27 118 204 172 59 9 5 10 3 2 9 5
12 11 14 9 8 17 11 7 5 2 2 3 6 12 11 11 12 11 9 7 5 5 7 16 16 5 36 139 202 148 46 8 7 13 6 7 11 8
10 10 7 18 13 8 9 10 7 5 7 8 10 11 8 7 8 7 4 2 1 3 11 19 14 3 49 150 189 123 32 12 2 18 16 10 8 7
7 21 12 1 11 15 11 14 12 8 4 3 4 5 5 6 8 7 5 3 2 5 16 19 12 8 59 157 182 106 25 11 13 24 23 17 10 6
62 23 0 13 11 9 16 18 13 6 2 5 9 9 8 10 11 8 6 4 5 15 18 14 11 11 73 174 188 98 13 4 24 24 22 14 4 3
168 119 67 18 10 12 11 9 7 8 10 9 9 14 12 13 13 11 10 8 14 20 10 9 15 20 88 189 188 89 10 3 29 19 24 21 11 7
239 227 193 130 60 17 4 9 10 5 8 16 16 19 13 7 8 10 9 5 8 9 1 5 20 36 119 203 176 73 13 5 31 25 29 16 8 10
203 240 255 248 195 129 75 39 11 9 12 10 10 16 15 15 16 15 10 17 17 15 21 32 51 98 177 213 155 50 16 14 28 31 17 13 8 9
97 144 202 247 255 251 209 164 117 68 39 31 27 36 41 53 72 90 102 107 102 105 121 131 147 181 210 185 107 24 30 21 22 25 12 13 9 17
14 41 87 135 180 223 245 243 220 184 159 154 161 176 183 192 202 206 203 195 190 197 206 201 192 188 170 116 47 24 32 19 21 24 15 15 13 12
10 10 7 33 59 99 155 196 207 199 189 196 208 213 208 203 197 185 169 153 150 150 143 133 121 110 90 55 23 7 11 5 13 12 4 3 5 3
9 6 1 11 13 18 52 93 114 117 112 118 118 115 105 95 86 75 64 55 56 50 37 34 34 34 31 27 21 16 20 20 26 23 16 13 15 12
3 2 3 8 9 9 12 32 48 51 44 37 37 36 27 22 18 16 16 18 23 18 11 9 8 5 3 6 8 10 13 16 16 12 7 5 8 7
11 10 7 7 7 6 1 9 15 23 23 19 15 10 4 5 5 5 4 9 9 3 3 1 6 10 12 8 3 5 8 5 4 9 11 13 9 6
3 5 19 20 7 6 2 10 8 5 8 4 11 10 10 9 6 3 6 7 4 8 4 2 4 3 2 7 5 5 10 10 9 9 6 7 8 6
15 15 7 24 20 3 6 5 7 4 9 4 10 9 16 18 17 10 10 6 3 7 11 13 11 11 9 5 4 4 3 2 1 2 3 2 1 3
136 42 2 13 9 10 5 4 9 3 10 4 18 12 5 7 6 3 4 7 9 5 2 6 8 7 4 0 4 4 5 4 3 2 3 2 1 1
255 187 91 25 6 10 6 5 8 2 12 8 7 12 1 7 8 8 7 7 8 3 3 1 1 3 2 1 5 6 5 4 7 8 5 4 5 4
254 255 219 126 59 30 9 9 6 1 7 10 1 14 11 6 2 3 6 8 5 3 3 9 11 11 9 8 4 8 9 8 7 4 1 0 2 3
143 241 255 241 166 105 57 23 9 9 9 10 9 11 15 13 9 7 8 7 10 6 7 8 5 3 5 8 11 8 6 6 5 7 8 7 5 3
34 121 215 255 255 208 150 93 46 18 5 7 13 6 2 5 5 5 9 16 17 14 18 26 30 28 22 13 13 11 9 11 16 18 22 26 27 27
35 5 84 180 247 255 251 209 156 113 89 70 68 68 67 70 74 83 90 96 95 97 106 113 117 122 117 101 76 59 57 61 64 66 69 72 72 71
49 39 10 54 128 196 240 255 247 223 204 186 176 178 176 178 185 193 197 196 191 190 193 194 188 197 197 175 141 106 88 85 80 77 76 78 78 77
44 43 37 22 10 63 120 166 192 199 198 191 181 185 182 180 180 178 171 162 154 148 145 142 133 149 166 161 142 106 72 64 58 56 57 56 51 45
47 46 41 38 36 23 14 32 57 75 84 85 78 79 73 68 63 56 47 41 38 39 36 29 30 47 75 91 100 83 53 42 34 40 39 32 26 24
50 47 40 34 35 40 38 31 26 21 16 12 8 10 14 16 18 18 19 19 17 20 23 26 33 42 46 42 63 70 59 46 35 41 36 37 29 26
51 48 41 34 28 28 31 33 36 38 37 34 32 33 32 32 33 31 31 30 31 38 40 41 43 44 40 25 35 52 59 49 37 40 36 43 37 31

22 17 7 7 0
18 9
159 160 160 159 158 157 157 156 154 153 153 153 151 149 145 147 147 144
161 161 161 159 158 156 157 156 154 153 154 153 151 149 146 149 150 144
163 163 162 159 157 154 156 157 155 154 154 154 152 150 141 144 144 136
151 159 162 163 161 157 156 156 153 149 145 141 137 135 129 122 116 112
114 128 135 140 141 138 130 126 122 117 110 104 99 96 90 82 76 75
70 81 88 91 91 86 81 78 74 68 62 57 52 50 47 41 37 37
37 42 45 44 42 38 38 38 36 33 31 29 26 25 28 25 23 23
18 21 23 24 25 25 22 21 21 21 20 20 20 20 23 22 23 24
18 19 21 22 23 24 22 20 20 20 20 20 20 19 18 17 18 22

28 10 7 7 1
28 6
18 9 8 31 52 42 9 18 16 47 49 33 17 24 20 33 46 46 44 32 20 10 4 18 37 61 87 96
15 9 13 33 50 40 12 26 16 49 47 28 13 18 20 42 49 32 21 10 13 14 25 53 75 80 72 47
10 7 17 38 51 40 16 29 18 48 43 22 9 18 28 50 42 15 9 13 9 30 61 83 74 50 31 30
7 5 16 40 49 32 10 19 17 43 37 17 15 31 45 50 26 22 19 15 29 66 91 72 28 6 17 22
6 3 12 37 44 25 5 11 18 43 32 11 27 44 54 35 8 16 32 30 50 72 69 23 15 16 17 14
5 2 14 40 44 22 6 10 21 43 28 10 33 42 44 14 14 6 34 58 59 44 22 16 25 19 19 10

47 2 7 7 1
44 28
16 17 19 17 14 12 13 15 18 23 27 25 26 25 22 24 24 22 21 20 20 19 18 17 13 8 4 4 3 2 2 3 3 2 3 2 2 4 5 8 9 11 12 14
16 15 17 17 17 15 17 21 25 30 31 27 27 29 27 27 26 24 22 22 24 23 23 23 19 13 8 5 3 1 2 3 2 3 4 2 1 4 7 8 9 9 8 8
18 12 12 17 20 24 36 40 38 33 25 17 15 12 6 8 9 10 6 2 8 11 16 24 26 21 12 8 7 5 3 6 7 5 5 5 6 13 12 8 7 10 9 7
24 17 19 34 39 44 50 42 31 24 10 22 35 50 61 62 61 57 56 50 34 28 18 4 20 24 17 11 10 11 10 7 10 8 3 2 7 12 9 4 1 7 9 13
30 25 31 43 40 31 20 10 14 28 34 35 47 66 78 82 84 82 93 94 78 70 62 36 7 12 17 15 12 9 10 11 9 4 1 4 6 7 4 1 2 9 15 23
34 28 27 26 11 6 15 22 29 38 44 49 71 90 94 93 91 90 101 115 109 102 100 86 59 30 7 10 15 6 4 4 2 2 2 7 6 6 4 0 3 12 19 24
35 26 17 7 9 15 18 25 36 56 77 89 94 84 67 49 33 22 17 37 55 75 93 100 95 80 57 24 4 10 10 12 9 3 8 9 6 7 4 1 6 15 19 25
21 11 9 14 12 14 37 60 72 77 73 53 25 36 53 58 64 66 59 63 50 37 26 31 53 71 78 67 37 10 12 19 19 9 10 9 8 9 5 3 7 14 16 35
10 14 19 30 31 48 75 77 58 35 24 42 42 40 39 34 35 36 29 40 46 52 51 39 27 15 37 61 68 49 22 4 18 13 8 10 11 9 8 4 5 14 16 49
26 22 31 49 64 73 61 28 17 22 27 26 25 28 24 14 11 16 18 25 26 25 26 32 35 29 22 15 44 60 50 20 8 16 9 11 12 5 7 5 8 11 17 72
22 25 44 60 59 35 5 14 20 20 21 16 15 24 24 16 3 14 16 18 18 13 12 14 18 25 27 21 14 29 45 34 8 11 15 9 11 5 6 11 16 11 29 101
34 45 50 39 13 21 19 11 2 11 24 27 26 30 24 34 30 41 22 12 20 17 17 13 9 7 12 19 18 17 30 39 27 5 11 5 7 7 5 16 12 9 42 116
55 53 35 9 16 18 22 12 5 13 25 27 25 36 59 97 98 108 97 65 30 18 22 19 14 11 10 11 16 8 16 37 39 20 4 9 6 9 7 17 8 6 53 119
57 32 5 9 10 3 14 21 16 14 16 38 67 105 162 232 225 222 218 168 107 53 30 13 18 19 17 12 14 18 1 26 39 28 8 8 8 14 13 14 7 10 64 122
36 8 21 17 11 8 18 23 19 14 44 71 92 114 148 185 134 128 169 158 129 100 90 73 38 17 20 19 17 26 18 15 30 31 14 5 8 13 16 5 6 19 80 126
14 27 27 26 26 25 26 21 33 38 42 42 64 99 156 210 159 146 184 140 52 41 81 99 83 40 8 15 15 25 27 18 23 29 22 6 4 4 12 2 3 34 100 125
17 29 20 22 28 25 9 45 65 35 7 57 94 125 171 218 169 156 192 149 78 71 26 56 85 63 21 3 4 13 23 20 16 19 25 10 7 8 14 4 8 47 116 114
17 24 18 15 24 24 28 65 42 18 54 59 62 87 131 194 170 123 123 75 35 79 73 47 50 62 30 3 3 6 8 13 7 14 22 9 10 9 8 1 16 70 133 93
11 20 20 21 28 38 55 48 42 58 56 36 18 45 69 101 86 11 54 62 34 4 40 46 48 46 31 11 10 7 4 6 4 9 20 12 10 6 7 3 23 92 132 63
12 21 25 26 25 37 76 76 61 48 23 7 14 34 47 87 99 64 48 38 21 17 11 24 39 29 32 22 14 12 12 10 4 7 17 16 7 3 11 2 31 105 119 41
18 26 30 27 19 26 53 68 70 63 42 12 8 15 46 84 113 115 92 82 59 33 19 34 17 10 27 37 14 10 11 12 6 4 11 13 2 2 8 5 48 120 113 26
19 24 24 18 7 14 37 36 54 59 48 27 15 24 31 25 22 23 23 19 22 41 24 30 5 15 40 44 5 8 7 10 9 6 13 12 2 2 8 13 68 131 100 3
17 17 13 9 4 13 31 7 32 45 36 24 8 11 28 36 33 20 40 44 49 17 6 22 21 31 50 30 4 9 6 7 7 8 16 11 4 8 10 22 87 136 78 17
13 15 16 15 9 20 26 17 50 47 25 16 7 12 20 25 29 31 29 16 17 34 26 18 26 34 29 10 8 8 8 9 5 6 13 6 1 11 12 30 99 132 51 29
12 15 15 14 15 24 19 20 43 33 18 15 14 10 15 25 30 33 36 38 27 3 29 39 41 35 20 6 13 13 13 13 8 6 17 12 8 14 13 34 104 123 28 46
18 19 15 9 19 30 16 17 47 53 46 36 20 5 11 31 46 47 32 17 15 9 8 34 48 36 26 8 5 6 7 13 15 5 10 11 12 10 14 51 122 110 9 64
12 15 15 12 22 30 26 7 24 45 49 39 24 6 3 14 25 29 27 27 19 12 10 11 42 50 26 4 11 13 9 4 15 14 16 24 12 3 22 76 126 81 16 68
7 11 13 10 16 28 33 25 6 24 39 38 27 10 1 10 19 22 22 27 33 29 18 17 63 91 65 23 10 11 7 6 4 12 18 20 3 9 28 93 115 55 28 69

19 7 7 7 0
38 21
21 21 21 21 20 18 16 16 18 23 24 27 38 51 56 56 55 55 69 82 83 82 83 83 77 76 75 73 68 63 60 60 61 67 68 69 72 78
21 21 21 21 20 18 15 15 15 21 24 28 40 51 55 54 53 56 70 81 81 79 79 78 73 73 67 61 56 57 60 63 65 64 67 71 78 87
21 19 17 18 19 17 15 15 15 20 23 29 40 50 53 51 51 57 70 81 79 75 75 74 68 64 59 54 54 58 62 63 62 61 69 82 94 106
23 21 19 21 21 19 17 17 16 19 22 28 40 49 50 49 49 56 69 78 75 70 70 68 63 54 55 58 59 60 61 63 65 77 85 97 105 110
34 32 31 32 30 26 22 19 17 19 21 28 39 48 48 46 47 53 67 75 71 66 65 63 57 50 57 63 62 59 60 70 80 92 96 100 103 104
49 47 46 47 46 38 27 20 19 19 22 30 41 48 46 44 45 55 67 73 68 62 60 58 52 51 59 63 60 61 72 85 93 95 92 92 96 100
57 55 55 57 57 47 30 20 20 19 22 32 43 48 46 43 44 58 67 70 66 59 56 53 48 52 58 61 63 71 84 92 92 92 88 89 95 98
60 59 58 61 60 49 32 21 19 20 23 33 45 49 46 44 46 59 66 68 62 55 51 49 46 54 56 62 73 82 87 86 84 87 87 90 94 94
64 62 63 65 63 51 34 22 20 21 25 35 46 49 46 45 48 62 67 66 59 51 46 45 44 54 55 65 82 89 86 81 81 85 84 86 87 89
66 65 66 67 64 52 34 22 20 22 27 38 48 50 47 47 51 65 68 64 57 48 42 43 45 52 56 70 85 87 80 79 84 84 79 78 82 89
67 67 68 68 63 49 32 22 21 23 29 40 49 51 47 48 54 68 67 61 53 44 38 40 46 52 60 73 82 80 75 77 84 78 74 75 84 95
68 68 68 66 60 46 30 21 22 24 30 41 51 51 47 49 56 69 65 57 49 41 35 38 47 55 65 75 76 73 72 74 75 70 74 84 94 99
70 69 67 64 57 43 27 21 23 25 31 43 52 52 48 50 58 68 62 53 46 38 31 36 46 59 69 74 71 70 73 70 64 63 77 95 103 97
70 71 70 66 57 42 27 21 24 26 34 48 56 54 50 52 58 68 63 53 43 34 31 38 49 67 70 72 68 64 62 63 62 65 82 94 93 85
72 72 72 67 57 41 27 22 25 27 37 51 58 55 51 54 60 69 64 52 41 34 32 41 52 68 69 69 66 61 57 58 59 66 77 84 81 77
76 75 73 69 56 39 26 23 25 30 41 54 60 56 53 56 63 70 64 51 40 32 33 44 57 67 67 66 62 57 54 53 54 60 64 64 64 68
78 78 76 71 56 37 25 23 26 33 45 56 61 57 53 58 66 71 63 49 37 30 32 46 61 66 65 63 59 55 51 49 49 51 48 46 49 59
76 77 79 73 55 34 23 23 26 35 47 57 60 56 54 60 70 72 62 47 35 29 32 47 63 67 65 61 58 54 51 48 46 45 39 38 46 59
82 82 82 75 54 31 22 24 27 37 48 57 60 56 56 64 75 73 62 47 35 29 33 48 64 68 65 62 59 56 53 49 46 44 38 39 49 62
94 88 84 76 54 30 21 25 28 38 50 59 61 57 58 68 81 77 65 50 39 32 35 50 66 70 67 63 60 59 57 53 49 45 39 40 51 61
96 90 85 77 54 29 21 25 27 39 52 60 62 59 61 71 84 79 68 54 42 35 37 52 68 72 68 64 62 61 59 55 51 45 38 39 49 56

70 0 7 7 1
6 10
16 13 10 9 4 5
12 11 6 2 3 7
8 9 6 2 5 5
15 17 15 10 7 6
26 28 27 23 17 12
15 23 28 30 28 21
34 12 5 17 29 31
71 52 34 19 4 24
112 98 78 56 29 8
110 112 107 93 76 51

32 14 7 7 0
30 28
175 175 176 177 176 175 171 165 161 162 160 155 148 107 55 28 27 27 25 24 22 23 24 25 26 30 35 39 44 47
174 174 174 174 171 172 169 163 159 160 160 156 132 79 32 21 24 25 25 24 22 24 28 30 32 37 41 45 49 52
173 172 171 170 167 167 166 161 159 160 160 157 110 56 22 22 22 22 24 23 23 28 33 36 38 40 41 41 41 43
171 170 168 167 164 164 162 159 160 161 157 151 87 40 22 27 21 20 24 20 24 29 35 39 39 37 35 34 34 36
170 168 166 165 163 162 159 157 159 159 151 139 71 30 22 29 19 21 27 18 26 30 36 38 37 33 31 31 35 37
169 167 165 163 164 161 156 155 158 157 144 127 62 24 21 27 17 23 30 16 30 33 37 38 36 33 32 32 34 37
166 164 162 161 159 161 156 156 156 154 147 116 49 26 22 24 21 25 27 19 29 31 33 33 32 32 32 34 34 36
164 162 160 159 157 160 154 157 156 154 147 111 41 24 20 24 22 26 28 23 27 28 29 29 28 28 30 30 30 32
162 161 159 157 155 157 152 155 157 154 145 106 37 21 20 25 22 25 28 24 26 27 29 29 27 27 29 31 34 35
162 160 158 156 153 155 149 154 157 154 144 103 41 24 22 26 21 21 23 23 26 28 30 31 31 32 34 37 42 42
162 160 157 156 152 154 149 153 155 154 146 107 46 25 21 26 22 19 22 22 24 28 30 32 34 36 39 42 43 44
161 159 157 155 152 154 150 152 153 153 149 116 50 24 16 24 23 22 26 26 24 27 31 33 35 38 42 45 46 46
159 157 155 154 152 156 152 153 150 152 154 126 59 26 14 22 24 23 26 26 30 33 35 37 38 40 43 46 48 49
157 155 153 152 152 157 153 152 148 150 156 133 70 33 16 22 24 22 23 23 37 39 41 42 42 42 44 46 47 47
152 150 149 149 148 147 147 148 148 145 140 136 88 46 30 29 33 31 23 37 38 42 48 50 47 44 46 49 56 59
135 136 138 140 134 131 131 132 132 129 125 121 105 83 81 77 73 64 50 59 68 65 65 69 72 76 81 83 76 70
121 125 129 132 132 131 131 132 132 130 126 122 126 121 130 121 112 104 91 95 91 95 104 109 106 105 112 118 114 101
73 76 80 83 79 77 76 77 78 77 73 70 66 66 77 64 57 60 51 54 54 52 57 63 62 58 61 64 61 63
33 35 36 38 34 33 32 32 34 33 31 28 35 35 44 33 31 38 29 33 38 33 35 39 35 30 35 51 74 72
33 32 31 31 33 33 33 33 34 35 33 31 28 26 37 31 30 34 24 28 39 64 89 86 59 47 70 121 187 185
34 33 32 31 31 29 29 29 31 32 31 29 31 26 38 33 31 32 27 43 86 120 151 146 114 110 154 204 234 243
33 33 32 31 31 31 31 32 33 33 32 31 34 28 36 35 31 32 37 64 140 157 157 154 151 157 207 240 228 213
32 32 32 32 31 32 34 35 35 34 32 31 30 27 30 34 31 29 41 68 156 188 164 157 173 169 219 240 215 180
32 32 32 32 30 30 31 32 32 31 31 30 32 28 29 33 31 27 35 54 126 182 177 163 164 161 211 237 224 211
33 33 33 33 32 31 31 31 31 31 31 32 34 30 29 33 33 29 31 41 85 138 150 149 137 120 165 210 236 243
31 31 31 31 31 30 29 29 28 29 29 30 32 28 27 31 32 29 28 30 49 78 91 104 87 60 84 132 176 189
30 30 30 30 30 30 30 30 30 30 30 30 30 28 28 31 32 29 27 26 26 39 41 51 43 30 30 51 77 86
41 41 41 41 42 43 44 44 44 44 43 42 43 43 43 44 43 42 40 38 34 42 35 35 34 41 31 33 41 43

28 9 7 7 1
36 13
11 11 34 48 27 11 20 6 32 42 23 17 25 24 25 35 25 11 22 33 29 18 12 34 64 82 85 57 25 41 41 37 38 38 26 9
10 23 45 49 21 8 9 13 39 44 14 20 29 29 30 30 4 30 37 26 13 19 40 71 77 55 27 11 21 30 27 18 26 38 31 14
12 31 49 43 14 10 8 24 45 39 9 27 37 34 31 21 16 36 21 8 26 60 68 55 29 14 18 12 6 12 19 15 17 29 29 17
12 36 49 34 8 11 8 32 46 27 4 34 43 34 24 11 28 32 14 14 68 85 40 3 18 16 15 15 14 12 14 20 23 30 44 51
16 42 51 32 10 12 8 33 39 12 14 37 42 29 13 11 28 37 18 58 83 41 13 14 10 13 20 28 29 20 15 24 55 103 155 180
22 47 54 33 10 11 9 33 33 2 24 42 43 26 6 12 19 33 62 83 46 19 25 16 9 23 24 34 42 32 28 69 126 188 228 214
24 48 52 27 6 7 10 32 27 7 32 48 44 23 12 13 16 52 82 55 6 30 24 28 22 27 16 17 28 40 67 87 93 105 131 88
26 49 49 21 7 4 12 30 20 15 40 53 43 18 19 14 37 77 67 31 30 24 14 27 24 27 17 40 58 56 44 72 106 181 236 178
31 54 51 21 14 6 18 31 16 21 47 56 40 12 24 24 57 77 31 21 25 18 21 26 26 26 40 68 51 5 40 81 94 141 217 207
35 56 51 20 20 9 23 31 11 26 51 55 34 14 27 38 64 55 12 24 14 21 30 25 30 22 54 58 29 57 56 44 50 91 163 196
41 62 50 13 18 3 32 32 7 32 56 54 23 14 31 59 69 36 10 19 15 22 34 34 29 38 62 73 53 50 24 28 28 59 68 83
51 68 42 6 21 10 43 27 16 38 60 51 12 26 39 70 64 17 7 19 22 27 29 28 26 47 58 71 72 55 25 15 14 42 55 92
59 63 26 8 22 23 50 20 25 42 60 47 10 26 41 67 47 3 11 20 24 23 16 12 12 35 46 64 83 90 60 12 21 12 63 108

46 13 7 7 1
35 6
18 58 83 41 13 14 10 13 20 28 29 20 15 24 55 103 155 180 161 181 171 119 67 45 36 19 3 19 28 18 17 28 18 20 47
62 83 46 19 25 16 9 23 24 34 42 32 28 69 126 188 228 214 144 177 184 158 127 111 97 65 26 33 20 10 12 26 27 20 34
82 55 6 30 24 28 22 27 16 17 28 40 67 87 93 105 131 88 44 128 134 74 30 66 105 117 80 22 6 10 10 24 26 16 23
67 31 30 24 14 27 24 27 17 40 58 56 44 72 106 181 236 178 107 185 179 122 95 67 30 86 114 65 12 15 10 19 21 14 13
31 21 25 18 21 26 26 26 40 68 51 5 40 81 94 141 217 207 124 164 118 56 60 91 80 65 58 75 43 12 6 12 16 17 6
12 24 14 21 30 25 30 22 54 58 29 57 56 44 50 91 163 196 125 60 59 48 15 19 51 54 48 45 45 20 1 4 9 17 10

42 21 7 7 0
21 13
43 31 23 21 17 14 12 12 14 15 14 14 14 14 14 14 14 13 13 13 13
25 18 21 20 18 17 16 16 16 17 18 18 18 18 18 18 18 18 18 18 18
20 20 19 19 20 20 20 20 19 19 20 20 20 20 20 20 20 20 21 21 21
22 24 18 19 21 22 22 22 21 21 20 20 20 20 20 20 20 20 20 20 20
19 21 19 20 21 22 22 22 22 22 20 20 20 20 20 20 20 20 19 19 19
18 19 21 21 21 21 21 22 22 22 20 20 20 20 20 20 20 20 20 20 20
21 22 22 21 20 20 20 21 22 22 21 21 21 21 21 21 21 21 22 22 22
21 22 23 24 24 25 24 23 22 21 22 22 22 22 22 22 22 22 23 22 21
23 24 21 20 20 20 20 21 22 23 22 22 22 22 22 22 22 23 24 23 22
24 24 23 22 21 20 20 20 22 23 23 23 23 23 23 23 23 23 24 23 23
25 23 25 25 24 23 23 22 21 21 23 23 23 23 23 23 23 23 24 23 23
22 20 21 22 23 24 25 24 22 21 23 23 23 23 23 23 23 23 23 23 23
24 21 19 19 20 21 22 22 22 22 22 22 22 22 22 22 22 21 21 22 22

76 43 7 6 0
10 10
72 71 71 70 70 70 69 66 64 62
69 69 69 68 68 67 67 66 64 62
68 68 68 66 65 65 64 64 64 62
70 69 68 66 65 64 64 63 63 61
70 69 68 67 65 64 63 63 62 60
68 67 66 65 64 63 62 63 62 61
67 66 66 65 65 64 64 65 63 62
69 68 68 68 68 67 67 66 64 63
71 70 69 69 70 68 67 68 67 66
73 71 70 71 71 69 67 68 68 67

0 2 7 7 1
48 19
2 2 2 2 3 5 8 13 13 12 11 10 10 8 3 4 8 12 15 15 16 20 19 17 19 18 14 13 15 17 19 18 17 19 19 18 20 36 40 26 26 19 13 44 88 95 47 9
6 6 6 5 4 3 3 9 10 8 3 2 3 6 7 6 10 14 15 12 14 17 15 13 14 13 11 12 15 15 16 16 14 15 15 14 16 34 43 31 30 20 14 46 89 91 41 13
0 0 2 4 5 7 9 9 7 7 4 1 4 7 6 6 12 15 12 11 15 19 17 14 14 15 18 21 21 17 17 16 15 15 15 16 18 36 45 34 31 18 13 49 89 84 36 11
3 3 6 8 8 6 3 2 8 12 11 9 8 8 7 9 12 12 8 7 12 18 20 18 14 19 23 22 20 18 20 19 19 18 19 18 22 41 48 36 33 18 15 51 85 78 36 5
4 4 7 8 6 3 2 1 1 5 6 6 7 8 9 8 9 10 8 6 10 16 19 19 15 22 23 18 17 17 21 22 22 20 19 18 25 45 51 42 38 22 16 48 83 78 38 3
7 7 9 9 6 6 7 6 7 9 10 10 11 10 7 10 12 13 13 12 15 20 22 21 22 29 27 21 21 20 20 23 25 24 21 19 30 51 54 45 39 20 12 44 85 80 37 4
6 7 10 9 5 5 5 2 3 4 7 8 7 3 7 12 14 14 14 14 16 20 23 21 26 29 23 19 18 15 16 16 18 20 19 15 30 55 56 44 36 16 8 42 84 81 36 3
4 6 9 8 6 8 6 3 4 5 8 8 5 4 5 10 13 12 9 10 11 15 20 19 23 22 14 15 12 7 9 7 7 10 13 10 26 58 57 42 37 17 7 45 86 79 38 4
4 6 7 6 5 11 9 1 3 4 6 6 3 2 1 3 5 6 4 6 9 13 15 15 16 14 10 12 8 2 3 2 3 5 9 11 33 61 57 41 35 19 11 49 83 76 40 6
4 6 6 5 5 12 15 13 11 9 11 8 2 2 1 3 3 3 5 6 9 12 8 9 9 6 8 11 8 3 6 4 5 8 13 14 31 56 52 38 34 21 18 51 82 72 36 7
1 4 5 6 8 11 15 17 15 6 4 2 4 5 4 6 8 9 9 8 9 8 3 3 3 3 7 11 12 9 12 9 9 10 18 24 38 59 57 40 32 18 19 56 88 72 27 10
3 5 5 5 5 2 3 3 16 17 15 15 2 5 1 3 4 4 3 2 1 6 6 4 3 3 4 6 8 5 7 6 7 4 11 23 37 56 54 38 31 16 17 57 95 67 20 13
1 4 7 7 5 7 17 25 23 13 5 14 9 6 10 8 10 10 10 12 12 13 13 12 10 6 6 5 6 3 4 2 4 0 6 20 37 59 58 41 32 17 21 63 97 63 18 13
2 3 6 7 4 7 18 18 7 9 14 20 22 11 13 11 11 12 12 13 10 11 10 10 9 6 4 4 4 3 4 2 4 0 6 20 39 60 56 38 29 17 23 64 94 59 17 12
3 4 6 7 4 6 19 20 14 11 6 12 15 3 5 1 1 1 2 3 6 8 9 10 10 8 6 7 8 4 4 2 4 0 6 20 40 59 53 36 29 18 24 64 91 55 15 12
1 3 5 7 6 8 35 66 72 58 23 7 11 10 7 5 7 11 14 15 15 15 15 14 13 10 8 8 9 3 3 2 4 0 6 20 40 59 54 37 31 23 26 62 88 53 14 10
1 3 4 5 7 41 123 182 170 194 136 75 38 10 2 3 5 8 10 10 8 6 5 4 2 4 8 10 10 3 3 2 4 0 6 20 39 58 54 37 31 25 29 65 88 53 13 7
4 6 6 5 12 64 171 223 164 243 239 200 161 111 61 27 8 10 13 11 8 9 10 13 5 6 8 3 4 6 2 8 8 4 9 21 38 58 55 35 26 23 32 69 94 56 13 8
10 12 12 11 15 67 171 181 82 123 175 209 226 222 188 132 73 29 17 12 16 18 13 8 12 5 14 9 10 8 11 14 6 3 7 19 36 63 62 37 27 25 36 69 91 52 8 7

88 6 6 7 1
5 20
41 8 9 1 18
35 6 7 3 19
27 3 5 5 20
17 1 2 8 21
8 3 2 9 21
1 7 5 11 22
4 8 6 16 24
0 7 10 19 23
3 7 12 20 22
5 5 11 20 23
7 4 11 22 25
9 3 12 24 25
9 3 11 24 24
10 5 15 26 24
11 11 19 25 22
11 12 17 21 18
12 14 17 19 15
11 14 19 20 16
11 15 19 21 18
10 15 17 20 20

40 8 7 7 1
39 20
17 31 81 106 59 15 10 3 7 4 6 5 8 6 6 2 3 2 2 4 6 7 7 7 9 12 13 13 10 7 7 9 4 7 5 4 4 0 6
19 37 89 101 50 14 8 1 3 2 3 3 7 5 8 5 3 5 8 10 10 11 9 7 7 7 7 8 6 5 5 11 6 6 9 4 3 0 6
19 42 95 94 39 14 10 3 5 3 4 1 4 4 7 8 5 7 12 10 6 4 0 4 9 14 18 23 27 27 22 28 24 10 2 5 1 0 6
15 45 99 85 29 14 10 1 3 1 3 3 1 3 9 9 3 7 12 11 7 9 12 16 20 22 23 27 31 32 27 39 40 28 10 3 1 2 8
17 50 100 75 24 12 10 3 5 3 7 6 3 9 10 3 6 5 8 16 16 13 11 9 8 6 8 14 19 16 8 20 35 37 25 9 1 5 9
16 62 102 69 22 12 10 2 3 3 6 4 6 9 6 5 5 5 12 12 14 10 5 9 14 17 15 19 31 40 35 19 13 24 35 27 7 7 6
26 73 103 65 20 12 10 2 2 2 4 2 5 11 11 8 5 10 13 4 7 14 16 14 12 16 12 8 15 28 36 34 24 7 22 33 14 7 3
33 77 99 58 16 12 10 2 2 2 4 2 2 6 9 11 11 11 9 9 21 19 13 6 3 9 11 6 2 5 15 22 26 25 9 24 17 5 1
36 79 93 50 13 12 10 2 2 2 4 2 3 7 5 9 12 13 9 23 26 11 3 6 5 1 7 12 5 4 4 9 15 20 8 12 15 9 4
41 81 86 43 12 12 10 2 2 2 4 2 4 7 3 8 11 11 9 23 13 7 3 2 3 4 5 11 11 6 7 9 12 14 8 5 13 12 7
47 83 80 38 13 12 10 2 2 2 4 2 4 6 2 10 10 6 12 10 8 8 2 5 8 9 4 3 3 4 9 13 17 19 16 4 11 14 9
58 88 80 42 17 12 10 5 4 4 6 4 5 8 7 12 7 3 6 2 6 6 5 3 3 3 2 8 11 11 6 8 17 15 14 6 18 24 14
88 102 88 48 18 9 6 6 3 4 6 6 8 12 14 15 10 6 9 10 10 11 15 17 18 17 12 12 16 19 25 12 28 35 39 21 25 17 2
103 104 84 38 5 6 7 9 8 8 10 12 17 17 17 18 16 15 16 19 22 22 22 24 26 26 23 18 17 21 26 34 56 58 51 46 49 27 8
77 70 48 10 13 15 16 18 18 17 18 20 19 15 16 17 16 17 17 20 21 18 17 18 21 23 23 25 27 40 36 39 31 12 19 26 35 23 6
34 25 8 11 17 13 12 14 15 15 16 14 10 8 9 9 9 10 9 10 8 4 2 2 4 8 10 18 53 94 107 94 89 56 13 15 27 27 17
9 5 5 6 3 4 3 2 0 3 3 4 4 2 2 3 3 3 2 1 5 6 8 7 8 5 3 41 114 171 175 150 174 159 108 49 24 20 21
5 5 5 6 8 9 8 6 6 6 6 4 2 1 2 3 3 3 1 3 4 5 7 5 6 4 27 112 192 174 85 43 64 87 94 66 33 17 17
7 9 5 2 2 3 3 3 4 3 3 3 2 3 4 4 5 5 3 6 7 5 3 3 7 10 51 150 174 60 70 132 106 65 87 59 13 4 18
9 5 7 5 9 8 7 5 5 5 5 5 4 4 4 3 3 2 0 2 6 9 9 7 10 15 57 141 127 8 66 75 149 189 255 177 44 6 15

52 22 7 7 0
22 22
37 29 24 28 38 53 72 85 82 70 88 142 202 238 249 235 186 139 125 114 106 110
27 22 21 26 34 44 57 59 49 70 96 134 187 232 247 214 143 104 112 121 100 89
30 26 25 27 27 29 34 35 34 61 78 97 146 197 217 201 158 123 130 141 115 91
78 71 62 51 39 31 32 38 49 73 84 78 83 113 148 172 175 149 133 135 131 124
122 116 104 84 60 42 39 41 49 82 100 87 67 79 118 178 221 192 151 135 128 119
121 121 113 94 64 40 32 34 48 87 117 125 131 148 170 184 186 164 137 134 129 119
129 138 140 126 101 77 63 64 85 120 156 171 163 154 154 153 160 178 184 181 182 177
124 136 146 143 127 108 96 94 101 104 115 135 157 176 193 210 226 237 243 230 195 153
92 96 99 102 106 113 122 130 144 165 194 215 220 212 206 201 188 179 174 159 117 79
147 156 170 187 201 213 221 228 239 236 232 224 205 183 166 161 150 129 111 91 67 55
225 223 222 221 221 222 222 221 214 205 203 203 189 158 123 103 100 90 72 52 48 55
172 169 167 167 173 183 194 200 197 186 177 166 149 127 110 105 113 108 77 47 49 66
119 121 124 126 130 137 145 151 153 151 150 147 143 142 148 158 165 152 100 52 48 65
126 121 113 109 111 122 135 144 146 139 138 147 161 173 182 186 187 172 118 65 53 67
147 141 135 133 135 138 141 141 140 143 152 168 185 196 200 201 205 197 153 92 56 55
149 150 152 154 155 154 151 147 141 143 150 163 180 194 203 205 214 226 202 146 100 82
154 155 157 157 158 160 162 162 158 152 147 146 152 164 176 187 204 220 213 185 158 141
131 136 141 144 144 146 150 153 155 154 150 144 138 136 139 144 153 161 163 159 150 131
70 79 88 92 93 97 103 108 110 118 123 121 113 103 97 90 86 89 91 91 87 74
35 41 44 43 43 51 65 77 87 91 94 93 88 84 81 80 80 76 67 58 54 51
40 46 49 46 41 45 56 68 78 79 81 81 80 79 77 75 71 64 55 49 47 45
46 48 49 47 45 44 46 49 53 54 55 56 57 57 57 54 49 47 45 43 43 43

24 4 7 7 1
47 23
8 5 5 12 10 9 5 3 6 5 5 5 6 17 16 11 4 7 8 3 8 4 9 13 27 34 29 30 33 36 34 9 71 124 134 143 135 108 105 103 105 98 76 52 30 2 14
8 3 5 8 7 8 5 3 6 5 3 7 5 18 16 9 2 3 8 19 9 16 18 24 38 40 29 26 6 49 80 138 214 255 252 248 255 252 242 237 240 243 237 223 191 126 57
8 1 1 5 7 10 7 3 7 7 3 3 13 19 11 10 8 6 13 29 22 38 38 41 48 35 16 43 137 226 255 255 255 255 214 178 201 211 213 218 231 249 255 255 255 255 233
9 2 1 6 9 10 6 2 8 8 4 8 15 14 8 2 6 11 13 15 22 47 45 40 21 34 104 199 255 255 255 247 201 141 76 52 56 61 67 77 87 101 127 178 255 255 255
10 4 3 7 11 10 6 6 11 11 8 10 12 9 6 4 5 9 12 14 36 49 35 4 67 175 255 255 255 228 147 73 45 36 12 25 30 14 11 21 17 22 15 9 66 155 246
8 4 5 6 12 12 8 8 13 14 11 8 7 8 4 3 9 17 22 43 53 26 22 95 192 255 255 255 175 81 26 21 7 22 29 25 18 9 16 26 23 34 38 33 41 33 86
8 6 6 4 11 12 8 9 16 16 10 6 3 7 8 5 14 30 43 55 27 49 140 231 255 255 234 122 37 19 10 12 9 10 22 28 24 14 16 18 12 5 7 13 17 7 27
10 8 11 2 7 10 7 11 16 13 7 6 5 2 7 14 31 47 54 17 63 159 255 255 255 193 97 28 9 7 17 15 5 15 32 45 39 38 31 32 26 11 5 11 4 4 25
8 3 11 6 4 8 6 13 15 12 7 6 5 2 16 40 56 42 15 92 170 223 255 210 104 31 41 52 35 18 6 23 9 36 42 37 28 40 34 36 33 14 5 10 5 13 35
11 6 10 7 5 8 11 15 15 12 8 9 8 17 35 58 56 23 152 217 182 138 102 142 154 166 172 173 156 117 61 35 22 31 58 49 138 180 163 150 128 104 48 10 15 24 29
13 11 13 9 6 7 11 12 11 9 8 11 13 39 46 53 22 109 255 194 87 80 185 213 225 243 255 255 255 254 166 109 49 116 137 108 240 255 231 212 227 243 199 117 47 25 28
10 10 11 7 5 4 9 9 6 5 6 6 20 46 46 37 11 118 184 79 229 229 164 179 186 188 199 205 242 255 240 200 96 185 143 106 196 189 100 84 126 219 255 255 191 93 52
6 8 8 9 7 6 12 8 3 3 6 6 26 47 40 11 32 90 204 193 255 169 68 93 97 65 81 95 126 197 233 241 144 161 113 127 148 108 51 20 15 41 150 255 255 218 90
6 6 6 11 8 13 19 9 9 4 8 18 41 51 26 19 35 43 95 147 123 52 23 42 26 13 30 40 50 101 165 206 181 142 128 171 147 122 70 45 11 40 28 91 215 255 167
5 4 6 12 6 19 23 10 14 7 12 25 43 41 3 27 15 65 79 37 16 29 25 8 21 35 74 127 102 24 71 137 158 140 133 130 53 31 38 26 15 10 55 27 81 214 198
7 5 8 17 10 18 15 3 10 10 17 29 43 31 12 27 56 76 33 19 2 19 10 6 17 84 177 223 155 167 59 58 92 72 92 124 75 18 15 30 9 19 22 53 51 78 125
10 8 8 17 14 12 13 7 4 12 17 35 48 30 14 32 60 43 16 26 23 42 39 16 23 101 147 117 48 163 121 36 19 20 47 127 175 151 106 92 62 39 8 46 67 44 51
12 9 7 11 12 9 11 6 6 11 16 37 44 24 13 17 24 16 15 37 41 27 53 55 32 92 165 193 138 140 80 85 30 19 31 53 91 104 68 67 80 94 70 72 77 55 41
9 4 6 7 8 8 7 3 10 15 18 37 38 12 8 22 49 52 53 61 44 21 40 64 47 50 81 115 123 92 37 55 55 26 19 14 47 47 13 38 45 83 87 39 42 53 33
4 2 7 7 2 3 0 6 10 24 25 33 28 5 30 47 47 61 66 65 53 43 36 52 54 28 9 55 53 100 73 94 79 23 22 14 47 56 48 40 18 36 62 47 48 52 31
3 4 10 9 6 7 1 6 3 21 30 34 25 9 37 49 38 33 34 43 47 40 31 34 42 41 29 28 9 44 55 69 45 15 18 19 37 36 31 16 13 24 61 71 54 56 33
6 10 13 7 4 7 7 11 8 18 30 36 24 9 39 49 34 21 16 29 25 16 13 18 35 55 62 60 51 18 4 25 12 7 8 7 25 25 20 32 27 31 1 28 16 24 10
7 13 17 13 4 15 13 14 12 19 31 37 22 15 49 62 47 31 34 37 27 20 18 18 28 47 58 62 67 53 34 30 9 11 13 9 35 42 34 33 32 43 23 6 19 20 6

16 3 7 7 0
45 7
147 147 147 147 147 146 146 146 146 146 146 146 146 145 145 144 143 142 141 141 143 143 142 142 141 140 139 139 138 138 138 137 137 137 136 136 135 133 132 133 134 135 133 132 132
147 147 147 147 146 146 146 146 146 146 146 145 145 144 144 143 142 142 141 140 142 142 142 141 140 140 139 139 138 138 138 137 137 136 135 134 131 133 133 133 131 130 131 132 131
147 147 146 146 146 145 146 146 146 145 144 143 143 143 143 142 142 141 141 141 141 141 140 140 140 140 140 139 136 138 138 135 135 137 135 131 128 133 137 133 126 124 127 129 123
147 146 146 146 146 145 146 146 145 145 144 143 143 143 142 142 142 141 141 141 141 140 140 140 140 139 139 139 134 137 136 133 133 136 137 135 136 132 130 130 130 126 117 108 96
146 146 146 146 145 145 145 146 145 144 143 143 143 142 142 142 141 141 141 141 140 140 140 139 139 138 138 138 135 139 140 136 134 134 133 130 132 128 124 119 108 91 73 60 53
146 146 145 145 145 144 145 145 145 144 143 142 142 142 142 141 141 141 140 140 140 140 139 139 138 137 137 136 134 137 138 134 132 131 127 124 127 118 102 82 62 47 37 34 34
146 145 145 145 144 144 144 145 144 144 143 142 142 142 141 141 141 140 140 140 140 140 139 138 137 136 135 135 135 134 130 126 128 131 128 122 106 86 60 41 33 33 35 37 39

37 18 7 7 0
20 4
130 126 124 123 120 116 112 84 49 17 15 22 22 18 18 19 17 15 14 16
126 121 120 120 119 114 108 62 33 17 24 25 14 10 17 21 19 16 16 20
124 124 119 117 123 114 87 34 25 20 20 20 16 13 14 18 16 16 19 25
122 124 120 119 124 109 74 28 23 20 18 18 17 15 14 16 15 16 20 25

46 5 5 7 1
48 5
9 8 6 6 6 9 9 36 108 163 117 96 114 106 102 104 100 102 91 60 42 44 38 56 65 69 64 52 45 39 31 27 24 20 22 28 25 23 26 35 36 34 32 18 113 243 174 28
3 4 4 4 4 4 13 34 93 132 75 61 91 95 105 111 104 104 99 77 46 50 44 58 73 79 73 61 61 61 52 45 38 30 32 37 28 29 22 26 31 33 30 21 110 245 170 24
2 4 4 3 3 6 17 36 88 114 43 59 60 66 82 92 92 100 105 93 69 61 57 57 76 90 88 75 75 81 79 74 66 55 41 32 27 30 24 27 32 36 33 23 105 242 168 24
4 6 6 5 5 8 14 37 85 103 22 62 51 43 64 74 75 88 101 97 81 66 65 60 72 86 88 75 70 75 78 79 75 68 59 43 32 28 24 26 30 36 35 27 101 242 171 22
7 9 9 8 8 13 19 38 82 98 21 67 49 34 59 68 64 76 94 96 86 75 67 64 68 78 85 79 71 73 77 78 75 72 73 66 50 35 28 29 31 36 36 30 96 237 178 30

64 0 7 7 1
18 23
8 7 6 3 2 8 13 14 13 11 8 6 5 3 3 4 5 5
6 6 5 1 3 10 10 8 5 7 6 7 6 3 3 4 4 4
4 5 3 1 4 10 11 10 7 8 6 5 4 3 3 4 5 5
14 15 12 11 10 8 4 4 3 2 1 2 2 2 2 3 5 5
26 24 22 21 22 18 12 8 5 11 11 13 6 2 2 3 4 4
27 19 23 25 27 25 23 26 18 13 10 17 11 6 6 4 5 7
17 8 18 13 15 23 18 11 29 14 2 6 13 13 10 5 2 6
15 8 10 29 104 147 149 168 120 64 25 18 16 20 17 9 1 8
16 8 21 71 144 186 192 224 255 240 156 63 7 16 22 20 9 5
47 47 53 71 80 135 131 55 67 169 191 123 35 4 16 22 16 6
57 37 32 37 51 110 178 212 165 179 167 106 30 4 5 12 12 8
32 20 7 29 26 21 45 93 113 142 145 89 26 2 13 17 11 1
21 20 4 18 18 13 23 30 48 76 70 36 17 14 20 22 11 9
40 41 25 28 24 30 26 34 48 58 40 18 21 32 36 21 14 17
66 65 55 62 59 49 34 35 54 40 9 2 11 30 53 49 36 27
49 25 20 34 31 14 24 56 58 16 14 14 17 2 20 26 23 26
20 44 145 216 203 192 87 52 28 7 17 7 13 18 14 4 9 17
12 80 222 255 216 255 247 79 23 25 29 26 6 7 8 13 16 17
25 90 217 225 38 223 232 114 29 16 25 43 27 5 12 10 9 16
60 115 226 241 116 255 243 62 66 65 27 56 59 27 7 20 20 21
80 153 254 255 174 255 158 4 43 92 48 25 61 45 14 11 10 17
26 109 193 149 56 203 122 21 49 73 56 15 38 51 20 13 12 22
22 58 198 217 79 218 190 49 41 48 37 18 32 58 32 15 3 18

0 13 7 7 1
27 14
34 136 164 71 74 102 89 45 34 17 4 6 10 4 2 1 9 12 7 2 7 6 9 9 26 75 58
73 190 196 125 169 193 189 161 149 119 87 70 59 39 22 12 3 11 7 5 4 11 14 10 32 80 44
107 209 176 86 129 151 174 187 201 194 179 170 157 130 107 90 61 30 14 8 7 3 6 5 30 75 30
138 205 125 12 29 28 50 77 101 114 130 155 172 167 160 160 149 123 95 68 46 31 17 14 47 82 22
144 172 103 39 47 31 30 35 33 17 6 35 67 83 91 108 128 136 132 117 97 80 64 49 63 79 4
111 148 119 60 48 36 31 33 39 37 38 37 43 44 34 21 25 46 64 73 73 65 56 47 45 61 24
74 136 135 90 72 63 51 34 32 36 33 37 49 57 45 33 39 44 39 29 29 25 28 31 29 43 28
28 75 98 94 94 97 96 69 26 44 52 61 72 69 46 39 44 37 25 30 47 46 47 43 47 48 33
50 36 10 26 46 70 104 84 19 45 70 97 110 90 87 73 48 26 32 58 71 56 53 35 54 38 32
56 44 31 21 25 26 92 109 69 99 110 71 76 66 91 87 61 27 68 89 70 43 42 9 68 39 33
54 63 71 76 74 55 116 149 90 101 167 181 159 92 16 77 80 51 94 77 32 15 23 22 86 31 39
119 114 105 93 79 54 130 172 99 47 123 171 201 202 123 7 68 63 68 24 14 4 10 42 79 7 31
85 60 36 19 6 30 136 193 108 16 47 85 136 194 210 145 50 12 13 13 25 9 11 57 65 10 21
20 6 5 4 3 25 127 187 99 5 19 37 82 137 199 227 185 104 32 13 16 9 27 65 54 21 11

38 12 7 7 1
41 25
5 15 21 27 38 50 21 28 20 13 35 122 210 234 255 178 70 24 54 77 73 55 48 50 27 39 31 21 7 18 17 30 34 42 35 11 23 32 17 36 48
3 16 17 27 42 26 16 28 36 40 11 71 83 161 119 46 32 18 8 15 44 54 49 47 16 23 39 62 55 76 66 30 26 34 58 40 30 24 18 13 15
5 18 22 34 44 15 17 13 70 6 28 90 87 117 27 15 40 31 20 12 18 51 56 44 6 5 51 97 187 215 255 195 100 46 8 33 32 19 1 16 14
7 22 33 42 41 11 4 8 49 70 48 120 66 150 40 25 25 14 31 35 55 63 55 32 6 8 42 116 255 255 255 255 148 69 60 36 33 40 39 25 5
12 29 44 45 29 9 17 33 71 50 78 139 119 158 58 16 11 65 197 255 235 154 34 22 56 57 45 155 255 146 134 211 123 27 60 94 58 13 43 55 21
17 34 49 42 14 16 16 48 59 43 51 51 99 100 28 23 33 143 255 255 255 242 61 62 43 78 70 147 252 155 249 255 129 38 41 89 85 66 4 49 50
18 32 47 35 7 13 25 59 51 50 44 27 48 26 10 16 62 202 255 127 208 225 101 41 10 39 82 182 227 45 255 233 57 83 73 75 23 66 58 41 72
21 37 49 27 12 16 27 50 31 50 30 30 33 14 5 27 106 139 255 255 171 192 255 203 63 5 42 184 255 38 249 149 16 65 96 63 47 15 85 87 43
19 37 41 13 6 25 25 20 8 22 17 13 19 22 13 51 82 87 128 183 187 242 255 255 196 41 45 170 255 96 255 255 79 32 19 19 58 47 53 135 133
18 39 36 11 20 39 22 7 11 25 25 21 42 41 7 61 68 70 65 115 255 246 164 255 255 47 48 190 255 255 221 206 103 31 11 6 32 63 34 84 131
18 41 34 15 39 60 65 62 70 45 86 82 93 105 47 29 60 77 89 123 255 255 172 255 255 127 65 133 255 255 214 249 129 32 19 24 47 71 36 19 52
19 46 35 28 59 49 76 97 128 98 130 109 112 134 92 51 58 11 56 85 188 255 255 255 250 59 14 64 157 138 83 141 82 35 37 45 54 65 42 25 26
24 47 28 42 66 54 76 83 99 91 96 71 74 104 104 106 84 64 69 47 102 146 175 159 63 19 26 37 182 222 145 135 52 25 67 45 43 51 44 28 16
27 54 38 47 53 44 55 33 28 36 39 22 31 56 86 125 100 45 11 25 50 51 28 26 23 28 10 4 86 168 120 42 78 39 83 59 16 36 31 25 61
22 52 42 38 40 58 48 15 29 11 15 4 20 25 42 95 94 49 26 27 52 52 6 21 14 13 25 16 16 59 87 41 43 49 70 38 11 33 23 92 140
17 42 43 35 20 61 89 68 91 94 105 47 17 25 4 46 97 77 16 180 254 255 194 48 13 12 8 26 25 53 104 103 34 9 30 48 29 19 61 147 143
10 25 33 20 6 58 112 118 149 124 186 139 30 43 17 9 71 91 32 244 255 255 255 113 7 7 13 8 15 16 46 99 78 26 28 37 51 47 144 167 101
15 26 37 14 14 84 78 75 100 60 149 178 102 50 20 20 91 78 25 240 255 88 255 194 27 12 22 10 17 13 10 60 135 99 101 22 52 104 165 115 33
13 23 40 21 32 97 63 19 41 31 51 110 105 43 30 27 65 60 10 188 255 119 247 197 59 33 38 36 39 41 54 109 136 44 55 62 80 123 116 34 27
6 11 25 23 32 100 100 81 86 95 104 95 68 18 13 26 24 60 64 76 226 186 217 126 76 61 63 78 75 68 77 84 55 75 45 72 106 88 61 29 40
28 29 32 30 7 43 49 54 51 64 55 44 31 11 26 21 15 17 35 52 79 119 130 64 37 30 37 30 32 29 37 11 28 54 45 87 170 225 158 54 60
41 40 46 57 39 49 25 35 32 50 48 53 50 54 42 32 38 48 42 56 74 85 74 59 48 46 55 69 70 67 61 70 65 78 122 139 29 129 176 102 102
17 22 32 33 15 19 12 22 11 8 12 2 12 15 22 25 33 11 7 32 25 3 2 18 18 8 9 26 10 24 11 18 12 23 76 156 156 98 76 92 86
46 46 60 65 58 69 61 70 77 74 72 80 79 72 78 64 88 73 78 90 67 70 68 78 85 77 78 87 79 71 58 45 44 37 29 32 69 63 13 26 27
13 15 18 27 24 33 39 45 53 55 55 55 48 44 46 37 50 50 56 68 57 44 47 67 65 58 55 49 40 32 24 2 5 11 8 16 33 56 58 34 27

13 11 7 7 1
28 6
7 10 10 9 12 12 8 4 3 5 6 5 6 5 3 2 3 3 4 6 5 4 7 9 10 7 2 4
7 12 13 9 14 11 5 4 3 7 7 6 6 3 5 3 2 3 4 5 2 2 7 13 12 6 0 4
12 21 17 20 24 16 15 10 8 10 8 7 6 6 8 7 5 6 7 6 3 2 9 15 10 2 3 4
18 27 20 19 18 16 13 6 10 10 8 6 5 5 5 6 9 11 11 8 6 6 9 12 9 2 3 5
64 63 40 22 13 17 14 5 6 4 3 2 3 6 1 6 10 13 13 11 10 11 9 9 9 3 2 7
118 131 111 87 64 35 18 16 15 10 6 1 5 9 7 8 7 8 9 10 10 11 12 5 6 3 2 9

17 1 7 7 0
41 24
93 93 93 91 90 89 88 87 86 85 84 83 82 82 81 80 79 78 78 76 74 72 71 68 63 55 48 45 47 48 52 61 69 69 65 59 58 52 45 44 47
91 91 91 90 89 88 87 86 85 84 83 82 81 80 79 78 77 76 76 74 72 70 68 65 59 52 47 45 46 48 53 62 70 67 61 55 54 50 47 51 59
88 88 89 89 88 87 86 85 84 83 82 81 80 79 78 77 76 75 74 72 71 69 67 62 56 50 46 46 47 48 53 62 67 62 54 53 53 50 50 57 64
88 88 88 88 87 87 86 85 84 83 82 81 80 79 78 76 75 74 73 72 70 69 67 63 56 49 45 48 48 49 53 60 63 58 52 56 55 53 53 57 61
89 89 88 86 84 85 85 85 84 83 82 81 80 79 77 76 74 73 72 72 69 67 68 65 56 48 45 50 48 50 56 58 56 55 58 62 62 63 64 64 63
87 87 86 85 84 84 85 84 83 83 82 81 79 78 77 75 74 72 72 72 69 67 68 64 55 47 46 51 48 50 55 55 53 52 56 67 69 71 74 75 74
85 85 84 83 83 84 84 84 83 82 81 80 79 78 77 75 73 72 71 72 69 67 66 62 53 47 47 50 49 50 54 54 51 51 56 68 71 75 78 79 78
84 84 83 83 83 83 83 83 82 81 81 80 79 78 76 75 73 72 71 71 69 66 65 59 51 47 48 48 48 50 53 53 52 54 59 68 70 74 76 76 73
84 84 83 82 82 82 83 82 81 80 80 79 78 77 76 74 73 71 71 71 68 66 64 57 48 46 49 47 47 49 54 53 52 57 64 70 72 73 73 71 66
82 82 81 80 81 81 82 81 81 80 79 79 78 77 75 74 72 71 70 70 68 66 62 54 46 46 50 46 46 49 53 52 51 57 64 71 71 70 68 64 59
80 80 79 79 80 81 81 81 80 79 78 78 78 76 75 74 72 71 70 70 68 65 62 53 45 45 51 46 46 49 51 49 48 54 62 65 65 62 59 54 49
76 76 77 77 77 78 79 80 79 77 75 76 77 76 75 73 72 70 70 70 69 66 60 50 44 44 48 47 45 48 51 46 48 56 59 57 58 55 49 44 41
76 75 75 77 78 78 78 78 77 77 77 76 75 75 74 73 71 70 70 70 69 65 57 49 44 44 45 48 44 49 51 46 49 58 57 52 52 48 44 42 41
72 74 77 78 77 76 75 75 75 76 77 75 74 73 73 72 71 70 70 70 68 63 56 49 44 44 45 49 45 50 52 47 51 58 55 49 43 40 41 41 40
81 78 74 72 72 74 74 75 75 74 73 73 72 72 72 71 71 70 70 69 66 61 54 48 45 45 46 50 47 52 53 48 53 57 51 42 36 36 38 35 36
79 79 80 78 76 77 77 78 77 77 76 74 72 72 71 71 70 69 69 69 65 58 51 47 45 45 46 51 49 54 54 49 55 56 47 36 33 34 33 32 49
111 100 91 88 86 81 77 73 73 74 76 75 74 73 72 71 70 69 68 68 64 56 49 46 46 46 46 51 51 55 54 49 55 55 42 31 31 30 28 37 80
133 133 132 119 104 99 91 84 80 78 78 77 76 75 73 71 70 69 67 67 62 54 47 45 46 46 46 50 51 56 53 49 55 53 37 28 27 24 24 44 96
110 117 125 130 133 132 127 120 109 98 90 82 78 77 75 72 70 68 67 67 61 53 47 45 46 46 46 49 51 55 52 48 55 52 34 25 24 20 23 45 90
106 105 106 108 112 117 123 128 130 131 131 120 109 98 86 77 71 70 70 68 63 56 51 49 45 41 36 51 57 57 53 53 56 48 32 24 25 25 30 45 75
111 111 112 111 108 108 107 109 113 120 126 132 134 133 128 118 103 87 76 70 65 58 54 54 57 58 58 52 54 50 46 51 56 47 32 21 22 23 29 43 67
109 108 110 112 113 112 111 109 108 106 105 107 112 119 126 129 128 125 121 105 95 86 78 73 71 71 71 82 77 65 54 53 52 39 24 27 26 28 34 47 65
124 117 112 111 111 112 113 114 113 109 106 104 104 104 105 107 112 118 122 123 121 115 109 101 95 88 84 93 90 81 72 69 68 58 46 38 35 35 40 49 57
141 137 132 126 118 111 105 104 109 114 118 116 113 113 112 110 105 100 97 103 107 110 112 112 113 113 113 103 105 102 93 83 76 69 64 64 60 58 60 63 64

19 8 7 7 1
42 8
5 3 3 4 3 6 8 6 5 6 6 7 8 8 7 5 2 6 12 10 19 37 33 8 3 3 7 13 8 4 5 26 41 29 12 14 13 23 35 39 42 40
8 6 5 5 3 6 6 5 5 6 6 7 8 8 8 6 3 7 11 11 24 40 29 4 2 6 8 15 8 5 7 27 35 23 6 10 20 36 45 45 46 43
11 6 6 5 3 5 5 6 5 4 5 7 7 7 7 5 3 6 10 13 27 39 23 9 2 8 7 15 10 12 17 32 32 22 16 27 39 50 53 49 47 42
10 8 10 9 6 5 8 11 9 6 6 7 6 7 7 5 2 4 10 14 30 39 20 14 5 9 6 14 6 14 19 31 31 29 32 43 53 57 52 43 35 32
9 7 7 8 8 7 10 9 5 5 6 7 7 8 8 5 1 3 10 20 37 38 16 12 11 8 4 13 5 8 20 24 13 24 32 44 46 38 27 19 14 12
5 4 1 4 8 10 9 3 3 4 7 8 8 8 7 3 0 3 13 28 37 30 11 5 10 3 4 16 8 7 27 17 17 29 36 40 28 15 6 7 12 40
4 9 11 10 8 6 5 7 9 11 9 7 7 7 5 2 1 7 19 31 34 25 10 4 12 4 8 19 11 7 26 9 31 43 41 28 18 16 10 45 102 153
10 5 1 3 5 6 5 3 4 7 6 4 5 5 5 4 3 10 23 34 34 22 7 4 13 7 11 19 13 5 22 8 45 50 31 16 17 14 77 187 255 231

20 13 7 7 0
41 9
85 83 83 84 86 86 85 83 84 83 81 79 79 78 76 74 75 75 73 67 57 50 48 48 50 51 52 53 53 55 61 66 65 64 65 56 45 48 47 39 41
83 84 83 83 84 85 84 82 82 81 79 79 79 78 77 75 74 74 72 65 56 49 47 47 49 50 52 53 54 56 60 63 53 59 56 47 44 43 40 36 38
83 83 81 81 82 82 81 79 80 79 77 77 78 78 77 75 73 73 71 64 55 49 47 48 47 51 53 53 55 57 59 58 48 50 43 45 52 44 38 45 53
84 82 80 79 79 80 78 77 77 78 76 76 77 78 77 75 74 74 71 64 55 49 48 50 47 52 54 54 55 59 57 53 48 44 36 41 48 41 50 79 96
84 83 81 79 78 78 78 76 77 77 75 75 76 77 77 75 75 74 71 63 55 49 49 52 48 54 56 54 56 59 54 46 41 41 36 36 42 58 99 136 126
88 87 83 81 80 79 79 77 77 77 75 75 76 76 75 74 73 73 69 62 53 49 49 51 49 56 58 55 56 59 51 39 31 35 35 33 54 106 162 177 137
94 90 86 83 82 82 81 80 78 77 76 75 75 75 74 72 72 71 68 60 52 47 48 50 50 58 60 55 56 58 49 35 28 32 31 32 74 151 192 181 156
149 132 114 96 89 92 90 82 81 81 79 77 77 76 74 72 69 67 62 56 52 50 50 52 52 59 59 54 56 59 49 35 28 27 26 38 77 135 178 194 194
131 144 146 145 143 136 121 101 85 81 83 85 87 85 79 74 78 74 63 52 45 43 45 48 51 57 59 56 58 57 42 25 26 21 22 37 70 114 154 182 204

25 8 7 7 1
43 15
14 15 8 17 15 15 20 19 12 10 13 5 2 7 8 21 18 17 20 11 7 21 20 17 24 30 31 38 56 86 132 91 69 65 81 89 32 97 92 51 43 32 43
20 20 13 19 18 18 22 20 12 12 17 11 10 10 14 24 17 17 19 15 13 4 11 17 30 46 58 65 99 89 188 208 129 211 255 184 171 145 50 21 28 49 77
24 23 17 20 18 16 19 16 8 12 17 14 17 13 14 20 10 13 16 15 13 30 41 34 35 50 80 98 127 114 209 254 240 255 215 96 183 170 70 38 28 38 37
23 21 17 19 17 11 11 7 4 7 7 10 16 13 9 11 2 22 28 16 21 58 49 30 26 54 98 121 131 100 146 165 184 124 62 58 149 140 52 39 27 38 27
17 14 12 15 15 11 7 5 7 10 2 12 9 6 8 7 10 31 23 6 56 82 37 31 27 93 146 141 90 29 42 74 55 75 63 82 149 127 31 31 29 43 25
12 9 8 12 14 13 11 12 17 23 11 14 4 4 10 11 22 28 12 49 90 66 36 39 61 132 134 68 12 10 6 38 14 40 72 112 151 137 41 26 22 14 7
15 13 11 14 14 13 14 16 20 29 22 12 9 15 16 12 23 31 27 72 69 6 53 22 94 106 79 69 68 36 47 60 52 24 58 109 126 129 72 26 3 42 48
16 14 12 14 12 9 13 15 14 22 24 16 20 26 17 16 17 13 50 80 28 63 41 48 94 92 28 10 37 17 44 77 115 143 134 170 113 85 127 119 105 99 49
7 6 7 10 9 6 11 12 8 13 19 14 28 28 29 32 11 45 81 68 35 76 17 104 120 122 87 78 73 48 60 109 152 151 105 158 92 49 84 116 133 113 61
6 6 7 11 11 8 12 11 6 10 14 14 24 18 27 47 25 84 93 33 89 29 132 196 148 93 44 39 44 39 74 123 99 69 23 137 134 198 176 15 102 143 80
15 14 13 15 15 11 13 11 8 11 10 17 7 11 8 39 50 102 69 63 85 103 246 193 80 20 19 24 18 67 94 109 23 25 152 210 152 165 220 106 176 229 95
18 17 17 16 15 15 13 8 9 12 14 17 20 6 5 15 56 100 48 111 85 228 255 109 79 63 57 44 24 54 131 102 73 174 170 56 104 54 240 210 154 190 40
12 12 16 15 10 12 14 11 8 9 8 13 12 27 18 37 65 94 56 138 121 255 178 40 57 63 74 70 55 79 130 100 75 116 131 163 210 78 233 255 241 255 155
4 4 10 11 7 7 11 12 8 5 6 10 14 17 25 56 80 89 80 95 150 195 77 29 5 35 37 72 101 113 144 66 64 149 170 149 210 190 137 143 59 122 64
2 2 6 7 6 5 9 12 8 4 7 17 19 3 8 45 80 75 80 83 93 89 13 33 28 20 22 38 119 139 108 50 134 70 49 210 255 164 108 194 110 255 117

14 19 7 7 0
44 12
128 125 123 122 122 123 122 121 122 122 122 123 123 123 123 123 123 124 125 126 127 127 128 129 126 122 127 135 128 111 100 111 128 105 49 25 35 42 56 66 67 99 111 101
122 121 119 118 118 119 119 117 117 118 120 123 124 123 122 122 123 124 125 127 128 128 128 126 122 120 121 124 118 106 89 91 84 63 26 20 38 33 56 41 37 83 102 129
119 119 118 117 117 118 118 117 116 117 119 121 122 122 121 121 122 123 125 126 127 127 124 123 122 121 122 120 111 99 78 70 50 35 11 15 40 35 38 42 38 70 102 141
117 117 117 117 118 118 118 117 116 117 118 120 121 119 118 118 119 120 121 122 123 124 120 121 123 124 124 119 105 89 74 58 31 18 9 18 42 36 28 45 44 63 104 136
116 117 119 120 120 119 119 119 118 118 119 120 119 118 116 116 116 117 118 119 120 120 118 120 123 123 122 117 101 85 81 66 33 22 19 23 40 34 31 34 34 52 83 97
117 118 121 123 123 121 120 120 119 119 120 120 119 118 116 117 117 118 119 119 120 120 121 122 121 119 118 114 101 88 100 84 44 31 29 28 40 38 33 27 34 47 51 53
117 118 122 125 125 121 119 120 118 118 119 120 119 117 118 119 119 119 120 120 121 121 121 120 118 114 114 112 103 91 123 104 54 38 43 42 52 55 44 52 72 80 51 52
117 118 122 125 123 119 117 116 114 115 116 118 117 116 115 115 116 116 116 117 117 117 118 116 113 109 110 110 103 93 132 110 55 44 60 58 61 62 57 69 109 131 78 73
116 117 121 124 122 117 114 113 112 112 114 115 115 114 111 110 110 110 110 111 111 111 113 112 110 108 108 110 103 92 124 103 50 46 70 64 56 53 59 61 113 156 94 78
118 117 122 122 123 117 114 113 109 109 115 113 114 110 109 108 110 112 107 107 114 113 114 110 114 114 103 108 110 90 114 102 72 60 68 69 87 124 129 135 163 177 153 135
123 118 115 110 114 114 114 112 112 119 125 115 114 118 116 109 111 118 116 112 110 103 110 116 121 119 112 113 113 105 125 117 91 72 73 90 141 202 230 218 219 214 190 175
124 122 120 121 135 144 144 135 121 115 114 104 109 123 122 110 105 111 113 113 117 117 114 119 119 117 126 133 137 146 134 126 111 106 112 120 147 183 198 189 184 170 143 129

6 9 7 7 1
22 13
4 5 5 4 4 4 3 3 3 4 5 6 6 4 4 3 4 5 5 4 4 5
4 4 4 4 4 4 3 3 3 4 6 6 5 4 5 3 4 4 4 4 4 6
3 4 4 5 5 4 4 4 5 7 7 4 3 3 4 4 4 4 4 5 5 6
2 4 3 4 5 4 4 4 6 7 5 3 3 2 1 3 4 5 5 6 6 6
2 4 3 3 3 2 3 4 6 6 4 4 4 3 4 5 4 5 5 5 4 3
3 4 4 4 3 3 4 5 6 6 4 5 5 4 5 4 2 2 2 2 2 3
3 3 5 5 3 4 8 7 6 6 5 7 6 4 3 1 0 0 1 2 4 5
6 6 8 6 5 7 11 10 7 7 7 7 6 5 6 4 2 2 1 1 1 4
7 8 10 8 8 10 13 11 6 6 6 5 6 5 8 7 6 7 6 5 5 8
7 9 10 8 8 9 10 7 3 4 4 4 5 4 7 9 10 11 11 10 9 10
7 15 19 13 8 12 13 13 11 9 7 4 6 7 5 3 3 5 7 7 6 6
5 10 9 13 8 20 19 14 7 5 6 6 6 1 4 2 1 2 4 5 4 4
9 19 22 27 12 22 7 3 4 2 9 9 9 4 1 7 7 5 5 8 10 10

71 4 7 7 1
17 14
100 66 41 24 10 16 13 15 9 12 7 11 24 19 17 89 202
186 153 108 62 23 19 8 19 15 13 12 16 24 10 15 113 215
206 211 187 138 79 31 14 20 21 16 19 18 17 9 27 139 220
130 179 208 208 171 106 50 25 25 20 13 15 15 4 39 156 219
59 110 157 208 234 195 119 49 21 19 12 24 22 7 53 172 211
26 46 69 127 206 238 202 118 46 15 14 31 22 15 74 191 207
4 7 11 44 117 198 239 200 110 33 12 21 12 13 94 205 202
4 3 3 8 40 109 201 241 188 89 17 18 11 19 111 212 182
1 3 3 2 3 33 122 220 237 159 61 20 16 25 129 213 149
6 3 2 2 3 8 47 153 232 208 111 15 15 32 146 209 122
11 8 3 3 3 9 6 74 187 229 167 56 17 45 163 208 107
11 11 7 6 6 9 24 9 119 211 199 103 19 60 177 203 89
10 12 10 7 5 13 14 14 66 172 196 123 28 74 187 193 67
7 11 10 7 5 13 16 24 34 137 193 141 34 91 195 182 48

