32 32
65

22 3 6 7 0
5 9
109 110 119 114 110
169 115 122 117 114
83 166 126 116 111
37 72 159 114 110
110 44 101 134 113
117 94 69 147 113
114 119 58 124 115
117 113 72 112 117
112 117 93 107 122

0 0 7 7 1
10 9
10 10 15 6 7 14 17 19 13 5
10 16 19 11 28 66 82 85 92 93
5 7 18 24 18 38 51 30 25 26
3 3 19 55 82 105 135 140 135 137
9 6 50 82 64 39 31 18 11 9
8 8 45 47 41 49 60 55 49 51
15 18 33 34 49 42 51 44 39 37
2 11 18 8 27 20 23 16 7 3
12 6 5 2 29 21 17 14 11 13

5 0 7 7 1
14 4
8 45 95 129 74 57 61 36 34 10 14 1 19 7
103 108 123 86 31 32 40 17 9 37 66 81 30 16
139 120 112 107 97 106 126 121 122 110 56 43 88 22
14 31 28 33 35 15 20 27 23 89 135 129 25 61

0 0 7 7 0
7 5
174 175 176 176 176 177 179
175 175 168 158 151 147 144
173 175 111 59 49 51 53
174 174 130 103 109 116 120
173 174 120 74 64 61 58

4 9 7 7 1
7 13
6 4 8 19 24 6 13
9 4 3 15 20 3 10
9 4 3 17 21 3 10
9 4 8 21 19 3 10
12 5 13 18 12 0 6
15 6 14 13 9 0 8
11 8 11 7 7 4 18
6 6 6 3 6 14 25
25 13 8 10 15 21 16
21 18 14 15 15 11 3
9 7 6 4 2 1 2
9 4 1 1 3 2 2
19 4 1 2 8 7 7

9 19 7 7 0
12 5
47 53 54 62 64 88 51 49 69 68 113 123
163 183 186 177 189 153 51 49 49 33 31 42
58 73 60 66 86 123 51 49 52 60 62 65
72 153 150 162 158 121 51 48 52 57 60 61
59 53 52 55 51 50 50 46 51 53 54 55

4 0 7 7 0
13 10
125 131 25 7 6 7 5 133 134 133 95 7 10
127 130 23 5 6 7 7 136 137 136 97 11 11
160 174 152 174 187 190 189 205 203 196 165 102 69
152 146 137 129 128 128 125 122 125 127 127 131 141
73 68 59 54 57 60 65 59 68 69 73 81 85
84 168 155 158 161 153 146 41 143 139 128 51 123
70 174 143 140 167 162 154 19 153 140 134 31 126
133 79 32 27 41 143 22 14 27 139 21 18 77
146 163 34 25 165 171 111 16 112 151 130 19 129
99 178 31 22 166 168 105 36 105 154 123 47 124

15 0 7 7 0
4 5
98 101 91 110
25 24 19 94
22 21 18 93
22 21 18 91
20 19 11 38

0 0 7 7 1
4 6
255 244 255 255
255 70 53 49
255 75 171 231
255 8 100 129
255 134 44 212
224 86 92 107

4 0 7 7 1
13 8
255 252 194 156 107 67 44 62 125 152 191 255 255
15 14 19 12 13 32 9 19 14 2 21 47 145
9 10 18 30 29 46 33 59 24 12 32 45 104
98 67 23 37 87 167 118 120 40 47 67 43 97
147 79 83 45 153 215 152 152 188 190 155 39 46
107 2 21 62 145 214 162 90 126 143 153 37 27
66 44 42 96 72 90 52 128 186 193 110 24 12
23 25 37 21 57 120 82 130 13 6 16 14 17

11 0 7 7 1
8 13
4 6 7 3 5 10 2 6
255 255 255 255 193 131 56 20
255 255 255 255 255 255 255 255
112 105 72 35 100 184 255 255
167 166 181 199 224 255 240 255
134 129 104 144 139 103 99 101
20 85 59 93 29 110 120 156
190 255 106 255 189 177 21 138
169 249 61 255 206 219 26 62
232 255 172 255 236 251 49 143
255 246 135 206 217 193 89 253
215 134 102 183 105 136 174 255
171 185 136 255 204 217 248 255

0 0 7 7 1
7 14
8 4 11 19 38 55 65
1 15 34 64 83 64 41
3 40 89 90 145 149 142
9 51 101 80 96 113 119
11 53 99 60 39 49 51
11 55 104 61 27 31 26
11 57 107 64 30 38 33
11 57 106 62 22 30 27
12 54 97 58 24 32 24
8 54 98 45 26 37 34
19 68 112 59 40 41 26
29 71 104 46 33 43 39
17 55 82 43 35 30 16
9 50 74 28 37 33 25

17 0 5 7 1
11 9
47 7 5 6 2 2 3 6 8 6 25
201 90 4 5 2 4 7 11 12 12 61
225 159 4 4 4 6 10 17 22 26 78
159 160 82 119 111 82 25 18 26 30 51
170 227 220 202 185 208 168 60 26 24 24
93 148 78 50 66 47 202 189 46 21 18
21 59 173 225 203 226 23 179 121 17 15
28 131 225 123 66 196 205 43 174 55 15
25 166 183 25 13 63 203 113 128 97 17

15 0 7 7 0
5 14
82 87 89 96 89
81 87 97 91 86
74 87 81 80 80
36 49 66 75 85
40 35 40 61 83
45 33 40 56 85
36 30 41 59 78
150 33 42 57 79
140 34 42 42 62
125 31 42 38 73
34 33 46 48 101
34 35 44 43 62
34 36 38 69 84
34 34 36 70 79

13 3 7 7 0
4 8
23 24 39 54
18 24 39 49
22 23 37 45
19 23 36 43
19 23 34 37
12 21 33 33
9 14 32 29
9 15 33 26

24 10 5 7 0
4 5
69 185 190 116
71 204 156 119
95 215 121 119
177 204 106 118
213 138 113 114

4 24 7 5 1
15 4
118 151 148 226 158 135 116 100 116 158 192 145 102 149 186
87 69 78 159 174 185 199 190 248 255 240 192 189 207 148
109 80 83 108 134 163 184 190 191 168 145 146 139 99 28
45 53 68 84 82 76 67 58 52 36 16 8 9 5 7

18 12 7 7 0
8 10
55 57 58 56 51 57 127 176
53 56 55 48 52 67 170 143
50 52 48 50 54 141 183 86
48 46 49 54 115 181 120 82
43 44 50 97 171 146 77 82
41 44 91 164 158 71 77 84
40 101 166 169 69 73 78 82
131 160 162 72 68 77 79 84
156 167 93 63 65 76 82 88
158 142 72 69 71 76 84 87

0 4 7 7 1
4 13
2 110 164 132
6 116 155 67
6 99 163 136
3 84 114 81
5 101 142 80
5 111 131 44
5 109 139 69
7 114 150 65
8 114 181 119
7 77 137 104
3 95 165 135
4 123 175 100
4 120 171 119

0 11 7 7 1
4 7
90 48 97 53
73 70 125 78
49 70 124 65
34 54 110 99
24 48 83 68
12 72 122 100
20 80 112 81

6 0 7 7 1
11 6
113 12 108 12 18 18 10 9 11 129 147
235 160 255 232 253 254 242 233 217 183 84
255 236 255 255 255 255 255 255 255 255 178
159 127 105 89 70 55 55 61 80 163 227
39 57 35 19 20 27 31 15 13 18 60
76 99 62 56 58 32 12 7 9 9 82

5 0 7 7 0
12 13
123 121 120 121 123 125 125 131 136 141 148 137
63 61 61 63 70 75 82 92 98 101 102 104
134 113 132 132 130 124 94 114 104 92 49 56
134 48 136 136 136 125 49 129 129 121 36 110
41 16 38 134 38 22 15 25 131 44 18 61
15 15 101 138 137 18 12 112 128 80 20 98
29 18 124 141 141 22 18 128 130 106 23 116
74 57 80 143 139 107 124 118 130 104 115 106
136 20 137 140 141 135 92 134 131 126 60 120
29 11 24 127 105 106 39 129 129 67 19 105
39 12 83 144 97 16 15 48 131 57 17 82
69 25 60 145 140 19 18 138 134 107 13 119
48 140 83 144 135 60 41 136 132 52 101 119

0 5 7 7 0
4 6
97 155 164 164
98 155 165 165
98 155 166 164
97 156 164 163
96 157 162 160
99 159 160 157

20 14 7 7 0
6 8
120 92 130 182 126 122
120 125 184 143 128 139
122 185 154 121 136 139
184 171 112 104 135 137
174 111 125 101 135 136
121 124 126 124 105 107
79 116 121 123 97 106
115 90 124 124 102 126

3 22 7 7 1
9 4
93 91 23 79 57 32 24 50 49
42 78 86 70 81 86 92 100 98
70 140 182 205 211 198 203 222 223
117 111 100 98 103 103 111 113 110

0 2 7 7 1
6 4
131 194 162 138 126 121
73 193 187 79 31 18
64 204 176 100 72 23
68 213 140 80 138 165

14 3 6 7 1
13 8
45 32 15 236 239 141 143 133 45 46 43 8 3
64 26 12 232 255 135 84 122 171 114 12 48 9
99 26 23 135 158 142 160 116 15 146 135 17 28
106 20 18 127 243 122 19 47 120 59 136 97 34
109 24 24 140 207 81 55 49 28 84 12 133 28
119 51 42 158 193 31 30 41 46 41 69 115 96
112 50 24 179 213 55 42 30 24 19 84 55 119
89 24 13 190 211 42 20 27 33 40 124 37 105

10 23 7 6 1
9 4
4 8 6 11 3 15 29 34 16
2 7 14 4 12 17 13 8 7
3 6 13 10 18 13 4 4 2
6 8 8 6 11 4 4 5 12

10 0 7 7 0
4 12
208 205 199 193
207 201 197 190
207 202 197 189
207 202 197 189
206 201 197 189
207 201 196 189
207 201 196 189
206 201 197 189
206 201 197 189
206 201 197 189
208 203 198 188
204 201 200 187

16 0 7 7 0
4 14
202 200 188 192
158 159 166 197
87 75 127 199
73 68 128 179
109 88 120 151
37 96 108 123
91 94 104 111
102 93 100 103
91 96 91 107
106 91 91 187
89 94 180 198
75 96 185 195
101 102 187 194
100 99 189 191

11 0 7 7 1
15 5
221 223 226 227 230 239 234 216 96 9 9 7 4 2 4
155 145 154 185 189 186 224 255 161 22 8 12 10 3 4
30 62 79 94 40 39 101 229 194 109 137 157 139 97 47
89 143 54 174 87 145 74 166 183 163 131 70 80 168 175
147 255 98 255 76 178 94 100 83 69 193 179 189 73 141

15 15 7 6 1
11 12
28 13 138 206 79 56 40 52 214 255 215
29 5 131 205 90 77 72 60 255 171 255
27 23 93 209 199 111 65 248 255 84 255
177 65 34 139 255 255 119 255 63 255 255
104 47 71 146 209 200 76 255 255 255 124
97 46 140 255 247 142 102 129 195 99 37
100 56 162 249 123 149 167 196 175 129 96
164 53 126 214 116 86 72 104 114 105 86
35 34 113 178 120 91 89 88 70 45 22
48 163 255 255 131 78 79 72 68 44 41
209 255 248 88 10 7 25 43 30 29 59
255 223 62 23 37 21 28 4 25 30 39

9 23 7 6 1
5 4
18 27 41 35 16
39 50 61 59 52
123 139 160 177 200
99 95 87 53 32

3 0 7 7 1
9 10
42 42 39 46 32 41 34 20 26
105 103 96 114 148 97 121 77 66
61 65 60 72 122 126 90 57 37
3 12 7 6 5 9 49 47 32
13 18 6 5 6 14 46 62 25
12 11 7 6 10 17 22 43 19
13 17 7 43 47 59 59 80 42
5 26 70 104 70 57 50 74 57
28 79 109 64 60 78 71 80 50
58 91 44 41 80 48 51 30 14

4 10 7 7 1
9 15
50 42 55 28 6 98 11 95 33
57 49 57 39 33 106 37 97 35
52 53 54 33 46 74 21 83 39
53 57 57 36 44 73 29 76 39
51 52 51 32 39 70 45 90 61
55 52 52 33 40 70 35 76 50
53 47 51 34 43 73 45 88 41
56 50 53 48 56 71 28 64 22
57 47 45 53 44 65 31 56 19
52 42 30 43 22 55 43 49 24
48 32 14 35 6 32 22 28 26
44 27 13 33 22 41 20 26 25
41 23 18 23 27 43 13 31 26
43 18 14 12 29 41 15 36 24
60 42 33 16 25 45 35 44 28

16 1 5 7 1
12 15
167 122 134 117 6 19 24 17 5 8 16 6
80 28 108 160 158 194 180 196 158 68 6 5
72 60 112 199 184 75 17 28 152 221 74 13
59 55 78 87 150 252 193 210 138 169 200 11
43 29 74 151 255 116 14 67 235 55 226 90
30 8 50 218 193 9 15 13 140 164 157 155
38 9 122 216 111 12 11 18 72 170 81 165
58 30 137 137 20 20 16 13 107 182 92 157
56 49 143 125 10 13 19 29 177 117 172 132
46 61 147 121 14 21 12 68 184 28 195 50
40 81 171 117 1 19 71 181 95 149 121 3
27 112 172 83 10 91 210 123 126 172 44 13
31 138 170 49 118 222 129 132 183 55 14 24
30 230 203 112 163 31 148 183 58 19 12 7
51 198 170 152 204 255 255 226 181 172 132 87

1 23 7 6 1
12 4
149 255 174 3 16 13 12 4 5 6 3 5
172 255 255 26 13 17 16 10 9 8 4 4
70 176 255 135 62 41 30 36 25 23 34 64
12 110 245 233 207 208 204 205 210 209 220 236

0 17 7 7 0
14 4
33 103 97 114 147 157 162 167 169 167 169 176 168 166
44 93 90 126 143 147 130 126 116 106 105 121 117 112
77 114 143 147 146 138 128 115 92 78 84 99 92 99
100 122 144 151 157 160 164 165 167 166 167 172 168 165

11 10 7 7 1
14 10
247 255 247 206 182 122 91 75 46 55 89 94 111 255
255 255 223 255 255 143 134 118 89 29 43 50 183 255
255 255 255 234 201 146 57 84 84 22 56 114 255 91
181 182 131 144 83 70 107 83 83 66 90 250 221 194
69 51 4 62 82 92 163 122 74 64 248 223 42 255
164 171 149 116 108 50 115 135 61 255 255 46 235 255
62 68 74 86 123 114 168 95 250 255 78 255 255 239
122 109 92 79 76 117 165 138 255 183 255 255 206 171
162 136 112 71 35 76 157 255 255 182 255 195 46 60
111 112 104 77 46 69 72 183 94 255 255 39 24 49

0 0 7 7 0
12 4
105 110 98 89 88 90 82 72 63 73 142 99
105 109 98 100 124 149 159 159 159 161 164 173
107 111 101 107 102 102 107 103 104 103 102 109
109 111 101 84 72 73 75 78 99 106 110 105

24 7 5 7 0
4 8
89 136 64 64
85 125 69 62
72 115 88 62
66 112 108 63
64 112 129 65
65 110 127 59
67 115 128 65
63 119 122 59

21 0 7 7 1
5 4
47 48 55 56 45
35 38 40 47 39
51 33 31 21 21
144 134 83 49 37

14 5 7 7 1
8 4
13 20 5 95 131 71 12 23
19 28 21 98 84 182 173 174
11 21 15 79 111 115 43 57
6 16 42 66 74 39 9 43

0 0 7 7 1
12 5
2 4 5 7 17 20 18 18 7 11 29 31
8 2 28 60 74 88 102 120 133 147 165 161
9 15 67 136 154 152 164 187 210 228 254 255
3 24 124 222 225 186 172 173 169 161 154 181
11 25 132 218 175 98 85 101 97 71 48 44

20 1 6 7 1
7 9
39 9 38 17 33 61 64
166 199 184 172 84 83 58
136 55 25 87 122 63 19
109 108 81 86 23 69 64
129 26 7 33 83 36 88
87 6 8 10 58 76 65
56 13 11 11 55 95 43
21 14 15 13 51 94 62
2 5 7 11 63 65 78

0 21 7 5 1
4 7
67 194 169 124
63 145 151 88
31 104 123 114
43 57 173 195
56 3 102 168
45 35 34 44
37 26 18 27

5 3 7 7 0
7 11
106 75 106 104 101 65 95
99 24 101 104 87 35 50
12 11 23 104 35 9 12
60 9 99 106 103 14 22
38 44 77 107 94 57 35
95 24 90 106 102 96 98
83 9 70 98 103 69 87
13 12 20 103 24 13 21
100 9 55 107 100 9 21
79 81 23 106 96 22 16
108 110 104 102 85 97 80

0 24 7 5 1
6 4
88 110 54 25 27 53
53 121 138 117 88 38
18 59 89 101 115 113
1 3 10 36 74 101

16 16 7 5 1
7 12
48 228 255 114 7 7 72
25 140 255 255 151 105 255
11 37 165 255 255 255 255
23 55 94 57 133 88 46
31 122 171 166 174 207 212
32 110 117 70 97 95 63
40 120 111 37 40 53 66
97 198 178 114 117 120 115
255 255 186 117 98 75 56
255 192 103 60 39 23 15
100 48 27 21 18 14 11
14 18 17 18 14 12 12

15 23 7 6 1
11 4
170 128 35 37 41 28 17 15 12 18 29
130 49 30 42 51 48 45 34 28 34 26
29 36 31 31 40 38 41 40 34 36 26
22 17 7 8 16 14 14 18 14 12 9

5 0 7 7 1
13 7
188 183 173 174 178 165 161 156 187 70 145 200 144
15 30 45 35 29 16 11 24 144 31 106 146 150
8 33 38 13 20 19 9 21 123 59 80 136 158
137 99 65 124 147 107 83 75 115 35 34 138 215
251 175 84 144 172 154 122 107 94 81 27 73 166
149 164 62 121 19 77 74 69 3 113 15 18 35
123 134 21 133 113 154 125 120 69 109 14 22 60

5 11 7 7 0
5 7
79 92 110 80 109
41 95 31 15 23
40 104 22 19 19
37 127 36 19 26
73 70 87 94 101
39 78 92 64 83
103 78 89 96 75

2 19 7 6 1
5 8
81 116 153 167 123
128 108 52 39 24
121 66 87 74 13
102 87 43 49 43
21 66 81 121 142
59 13 10 6 7
169 120 93 61 38
151 164 166 156 149

0 14 7 7 1
4 12
21 232 255 182
29 148 255 255
34 63 255 255
42 12 255 255
31 21 246 255
16 20 153 255
21 23 51 255
37 33 34 255
60 59 66 169
50 54 59 76
23 17 20 25
11 9 16 23

14 15 7 7 1
9 8
11 32 58 10 68 71 50 24 23
13 36 62 27 83 146 133 54 2
21 39 73 44 86 157 255 255 246
20 32 63 67 111 105 80 189 209
10 37 56 26 100 252 255 233 190
10 37 50 29 89 94 189 227 222
20 46 67 54 89 50 21 35 42
42 54 74 73 85 33 14 17 14

22 0 7 7 1
4 10
76 47 117 15
28 51 91 16
220 243 209 72
93 158 255 255
243 202 73 255
78 93 255 58
153 101 160 198
153 168 71 239
74 151 70 199
126 175 36 175

20 3 5 7 0
8 8
115 114 107 94 90 81 100 100
140 143 149 121 87 96 105 100
110 108 107 142 124 103 98 100
106 108 106 102 141 111 102 98
100 103 105 103 111 135 103 99
107 106 106 103 100 136 104 94
110 110 104 102 105 124 111 96
111 110 108 104 105 113 122 99

20 17 7 7 0
5 9
37 45 39 77 26
39 43 80 23 16
88 43 55 16 35
11 8 18 38 37
45 43 39 40 40
45 46 43 42 41
45 45 44 44 44
46 46 46 46 45
46 46 46 46 46

16 22 7 5 0
10 6
6 11 69 85 83 89 94 102 100 63
6 20 131 131 134 133 133 107 102 105
13 25 137 136 138 137 135 142 139 137
14 68 136 133 138 130 131 130 135 130
83 113 119 121 123 124 129 127 130 123
135 133 136 141 139 140 131 131 135 140

1 10 7 7 1
9 8
55 43 59 61 66 81 47 54 86
49 18 46 48 60 85 45 52 77
60 44 59 35 38 52 21 35 57
28 18 28 14 14 56 64 24 38
65 57 47 59 29 38 29 29 47
51 34 7 35 24 69 57 26 35
61 80 50 53 28 6 8 22 23
38 57 64 73 69 55 48 58 64

17 4 7 7 0
4 8
42 62 15 87
43 34 75 87
49 32 89 85
49 21 87 85
52 70 82 82
46 81 81 81
48 83 81 79
49 82 80 81

16 4 7 7 1
4 7
42 58 92 35
35 23 51 135
27 17 118 154
27 26 119 108
24 74 157 95
22 111 146 39
22 122 104 12

22 1 7 7 1
4 14
7 8 7 10
21 12 4 4
112 79 35 5
20 98 98 35
136 33 96 85
89 130 8 111
25 116 78 79
6 76 115 26
5 36 113 33
5 14 110 56
7 12 112 70
6 10 110 77
8 8 107 74
5 14 106 65

14 9 7 7 1
6 4
6 25 124 178 27 3
3 23 127 174 22 1
5 16 120 168 22 11
2 13 119 163 22 4

2 19 7 7 0
10 7
100 117 154 153 154 154 151 45 106 39
129 146 149 150 154 153 144 66 73 59
92 97 59 107 94 101 78 82 101 73
134 133 126 102 102 114 84 86 102 92
115 89 71 72 82 90 96 88 88 80
142 146 148 149 148 149 144 146 146 142
139 144 146 146 147 147 146 146 145 143

