32 64
91

14 8 5 7 0
14 30
165 141 135 123 120 123 153 189 206 186 158 133 131 132
154 142 145 134 117 117 138 178 206 220 174 135 137 138
133 128 122 138 135 118 139 174 198 216 182 132 127 138
161 126 128 116 134 129 129 167 192 202 178 138 136 146
205 185 119 115 112 143 134 154 181 207 175 137 142 147
55 146 159 144 119 120 139 138 180 195 162 116 121 126
63 71 57 81 138 111 104 203 184 192 161 100 110 113
94 200 81 57 72 93 86 239 238 181 153 54 76 95
219 147 87 78 69 86 114 253 214 186 157 45 43 49
227 198 147 68 77 103 233 246 179 202 147 47 48 47
71 67 69 67 142 234 196 245 179 206 152 44 43 44
71 70 82 178 231 148 153 246 173 196 153 47 47 46
66 73 179 235 119 70 173 245 175 197 153 47 47 46
78 153 241 126 73 88 182 244 174 189 153 47 47 46
79 238 233 61 74 86 195 245 172 177 153 47 47 46
144 238 232 197 123 105 196 249 179 224 150 49 49 46
236 240 225 237 241 142 205 234 250 195 150 49 49 46
187 197 235 229 236 94 194 237 228 168 150 49 49 46
72 74 133 240 194 68 137 202 154 189 151 48 48 46
83 77 149 229 109 81 76 111 169 188 153 47 47 46
78 158 239 135 73 103 109 145 175 186 153 47 47 46
229 226 120 71 95 114 117 147 183 191 153 47 47 46
173 77 76 141 128 114 118 145 180 194 153 45 49 46
79 94 116 143 148 117 131 158 206 206 155 46 48 46
97 117 123 117 154 146 160 175 185 194 157 46 46 46
106 115 112 160 132 157 142 149 177 191 158 47 44 46
116 136 157 171 118 138 113 140 179 189 155 48 46 45
142 154 115 118 93 96 152 170 176 194 155 48 46 45
142 116 109 84 107 117 147 183 183 195 155 48 46 45
130 103 85 116 120 112 130 176 193 193 155 48 45 45

0 16 7 7 0
14 6
47 170 188 187 222 139 65 101 149 81 178 198 212 121
67 165 199 184 245 66 68 91 116 198 147 131 183 142
62 169 199 192 188 85 186 96 209 232 157 82 155 69
70 166 180 210 117 146 57 102 212 172 121 80 121 144
64 168 174 249 85 201 211 228 149 71 79 135 252 243
54 172 170 224 93 129 114 133 71 74 86 221 238 141

0 14 7 7 0
14 7
222 235 226 76 93 225 56 211 13 51 240 107 209 145
211 247 106 82 237 200 130 194 200 183 86 78 128 129
231 137 80 234 242 73 231 122 240 70 242 66 147 125
228 65 198 248 214 118 125 110 254 73 242 69 159 189
132 112 246 244 83 236 92 103 252 74 226 82 226 235
77 236 246 111 48 209 95 92 254 64 99 229 184 118
117 252 199 171 151 190 96 95 240 137 247 156 109 135

6 33 7 7 1
13 11
225 255 6 255 255 253 255 255 255 128 255 255 205
255 255 5 255 255 255 255 174 255 166 220 176 255
255 255 13 255 111 145 254 103 222 107 118 166 255
255 255 19 255 255 255 50 255 255 255 155 255 255
255 255 163 255 232 187 255 255 255 255 255 255 160
241 255 187 249 255 255 255 135 114 255 255 255 43
117 156 255 255 255 255 30 212 255 255 255 255 255
217 226 255 57 93 135 88 255 255 215 255 255 255
220 206 203 255 255 243 97 255 82 242 255 13 122
205 255 255 255 255 255 23 255 255 255 255 255 222
255 255 228 149 255 255 144 248 255 255 255 255 231

13 12 6 7 0
14 31
171 157 199 190 183 215 186 172 182 199 232 203 164 130
161 169 208 242 138 210 163 150 145 170 221 199 155 123
236 251 236 185 124 201 172 165 179 219 237 187 151 106
230 153 78 174 149 190 165 170 175 188 186 185 143 73
102 215 102 163 162 221 225 183 192 127 154 177 151 43
89 198 113 153 137 119 152 129 58 129 160 175 150 47
91 201 165 212 213 87 193 177 66 121 155 178 157 48
95 165 152 101 108 92 236 127 67 124 158 184 153 45
154 145 88 144 141 80 200 149 76 123 159 210 154 44
88 132 116 118 163 77 184 154 86 103 212 199 163 44
95 111 154 103 198 82 142 186 87 208 252 190 162 44
134 86 187 90 222 91 107 65 243 118 249 187 157 44
162 79 230 84 191 82 205 242 167 112 228 191 151 46
208 73 236 85 229 188 184 221 127 116 210 188 143 46
210 80 233 120 241 135 94 237 103 117 191 183 133 46
192 96 245 230 222 92 90 248 86 115 174 184 130 46
243 212 128 91 218 104 89 239 97 124 164 186 132 46
138 88 103 105 217 90 90 209 130 122 174 188 136 46
98 190 94 98 236 93 97 171 154 127 179 190 145 46
196 190 94 94 241 92 125 134 183 130 194 180 170 47
233 167 97 100 212 100 150 108 169 133 218 193 158 48
254 145 103 99 180 99 187 101 129 123 221 190 149 48
252 115 98 122 136 96 205 144 106 119 219 194 154 48
249 99 103 154 104 94 186 179 83 116 224 181 151 46
249 94 96 188 99 95 129 219 94 125 239 171 149 46
227 95 93 211 94 98 91 238 97 153 246 162 151 46
95 118 213 243 100 97 95 233 97 195 236 163 156 46
187 250 238 210 86 93 139 203 111 204 202 163 155 46
249 240 120 174 103 94 228 175 202 212 186 168 153 46
188 97 151 146 95 106 208 189 179 198 189 163 149 46
106 216 220 116 95 209 178 215 176 175 186 166 152 46

15 53 7 7 1
5 5
36 33 57 70 36
18 43 92 92 76
68 126 176 183 140
88 102 72 34 23
7 62 110 125 135

16 28 7 7 1
6 20
255 132 255 255 43 253
231 27 255 255 108 191
255 33 255 160 137 109
255 24 238 110 125 27
248 56 124 79 48 108
169 80 25 101 130 74
94 107 157 127 234 56
68 124 189 210 201 151
51 200 118 255 102 230
168 255 24 255 12 196
255 255 35 255 13 102
255 255 178 255 101 85
224 175 255 246 109 100
139 54 255 154 45 32
213 215 252 65 47 63
232 235 46 53 68 67
193 75 45 36 37 42
97 44 49 17 26 50
87 48 31 10 39 45
6 57 55 25 52 22

4 0 7 7 1
11 11
255 209 171 167 188 230 233 220 197 213 206
104 60 47 43 81 53 41 105 65 81 75
171 162 80 45 97 56 42 64 29 44 62
147 85 114 42 103 92 16 95 87 87 69
73 53 15 121 161 115 91 94 113 189 201
95 205 186 237 85 111 164 145 164 219 191
145 125 40 118 63 40 14 39 52 141 105
135 142 222 255 255 223 205 156 119 143 174
48 66 132 113 26 51 93 73 34 43 118
67 85 156 170 149 141 165 128 95 128 156
52 49 61 32 20 15 88 69 41 94 137

22 33 7 7 0
4 8
220 190 191 255
219 192 193 255
219 197 195 255
219 197 192 255
218 197 195 255
216 202 192 255
216 201 192 255
214 195 194 255

0 2 7 7 1
5 12
158 142 255 179 173
193 148 255 129 147
204 141 255 59 189
209 129 255 48 216
224 109 255 174 255
240 105 195 255 231
255 106 114 224 52
255 72 74 184 42
255 27 112 236 96
255 147 114 255 109
255 249 50 255 123
213 255 43 255 105

0 11 7 7 1
14 24
83 38 47 38 29 35 5 7 49 98 65 18 50 68
78 41 76 51 62 11 25 29 83 50 55 87 39 4
68 199 255 255 255 255 242 255 255 255 255 255 255 255
63 255 255 255 255 255 255 255 255 255 246 250 255 255
74 255 255 255 255 211 49 173 255 255 255 255 224 185
87 255 96 189 255 34 38 81 246 197 122 98 211 255
98 255 215 255 255 67 65 61 189 188 192 255 192 255
120 255 255 112 241 168 166 99 255 255 255 255 185 255
154 251 187 255 255 255 255 194 255 179 202 228 255 110
148 246 210 255 106 255 255 200 67 78 102 100 153 187
113 171 217 79 64 173 255 255 255 255 255 199 174 255
52 45 46 112 96 87 101 126 16 95 83 133 95 245
52 51 26 217 137 208 218 255 207 202 148 233 235 255
90 97 60 184 38 68 255 142 153 148 109 52 255 255
140 72 62 196 72 114 255 198 255 255 255 179 255 142
145 61 176 223 57 163 255 225 251 65 227 198 141 89
124 89 71 244 240 255 155 174 99 88 117 73 62 131
120 58 161 248 59 255 132 116 48 114 143 58 137 163
138 28 62 253 111 144 49 220 197 160 184 222 157 143
157 70 76 216 174 207 28 199 131 255 43 151 65 199
138 91 108 255 118 185 85 192 195 61 255 255 168 199
136 92 131 90 190 255 183 121 123 213 255 140 151 21
131 128 138 167 231 211 135 38 85 169 255 198 255 143
78 124 122 85 82 51 104 68 76 66 110 155 225 136

2 18 7 7 0
8 26
245 246 179 219 244 163 157 148
131 145 73 243 245 129 116 116
67 63 81 248 239 238 233 241
55 92 64 121 143 155 158 134
50 105 80 46 73 67 77 156
78 120 93 63 130 171 123 196
94 160 117 127 180 164 152 169
89 109 82 210 232 66 110 160
53 145 86 116 199 54 51 85
141 140 35 22 144 135 126 84
157 208 147 122 70 116 57 135
112 95 137 84 118 170 74 54
97 172 152 70 181 145 62 67
93 170 156 69 95 161 144 53
104 165 141 134 92 33 49 225
119 54 33 34 57 87 89 119
63 79 45 70 70 75 103 116
66 74 35 69 77 77 110 91
65 73 38 66 70 76 91 88
74 90 58 58 69 69 75 103
83 90 65 36 67 70 71 84
88 96 71 45 67 66 66 70
88 83 69 65 55 67 68 61
83 74 71 63 56 61 67 65
81 67 70 69 72 54 62 73
89 58 62 72 71 76 47 61

1 24 7 7 1
4 20
204 82 61 153
215 20 97 138
222 34 163 120
225 50 168 97
255 59 179 226
244 52 179 255
180 77 187 205
132 73 191 123
138 38 156 130
164 151 147 173
182 135 132 255
172 158 255 163
135 126 255 78
145 31 255 115
184 20 255 63
168 62 254 66
130 86 255 255
197 161 42 84
235 64 255 238
255 105 179 14

22 14 6 7 1
5 13
238 153 142 100 77
121 165 202 148 123
227 78 221 181 181
255 97 133 151 99
255 123 18 179 13
255 36 38 187 14
59 119 45 181 11
255 227 110 189 11
242 105 154 196 11
85 68 179 196 12
29 50 202 194 10
61 57 252 197 9
9 45 255 200 5

11 0 7 7 1
14 20
177 128 84 129 176 195 212 175 117 49 17 19 16 11
220 231 183 221 231 204 223 253 251 240 165 109 60 9
104 179 194 187 143 78 89 158 224 255 255 255 124 4
90 69 72 75 70 78 71 76 77 93 152 255 192 7
39 36 25 28 21 17 1 11 10 17 67 255 255 79
20 22 15 12 8 8 15 15 25 18 21 169 255 202
16 15 12 15 8 8 17 27 34 27 24 47 247 255
64 30 9 24 17 6 2 19 44 46 50 40 101 255
167 114 79 84 89 80 72 98 166 181 151 95 42 190
255 202 144 131 146 155 169 245 255 255 255 217 46 156
233 255 229 178 157 204 253 255 247 88 210 248 65 139
138 36 73 95 101 135 105 28 94 122 134 187 75 108
237 255 189 114 99 102 175 222 136 70 62 109 81 119
105 182 88 47 28 63 185 82 111 52 60 68 63 148
54 185 121 62 49 84 165 30 84 53 33 28 77 177
108 205 255 191 255 90 178 43 101 77 66 130 141 196
87 187 255 163 202 115 255 186 86 64 112 255 190 144
87 231 198 158 115 74 160 178 66 19 67 249 53 70
201 182 173 238 191 132 29 97 108 115 137 255 255 82
170 253 244 188 98 177 77 144 205 203 176 205 255 186

0 0 7 7 1
8 9
2 0 0 17 32 45 72 98
1 2 4 71 136 171 255 255
0 2 3 151 255 255 255 255
2 1 10 242 255 255 255 255
2 4 90 255 255 156 87 138
2 7 255 255 255 109 36 91
1 100 255 255 50 209 255 255
4 255 255 118 255 255 255 255
19 255 255 255 146 115 34 92

18 18 6 7 1
9 26
255 255 255 255 255 255 255 98 57
216 255 255 255 169 106 185 83 10
181 255 255 185 255 255 194 109 55
214 250 255 57 255 255 255 94 75
255 246 251 93 255 255 255 85 103
251 198 179 255 223 125 194 67 123
188 255 62 155 155 207 143 59 132
52 255 255 186 35 214 151 71 129
89 64 255 255 227 179 141 89 129
232 255 255 54 255 214 207 120 110
255 255 255 255 104 237 173 102 77
75 93 113 255 255 65 14 72 31
78 79 58 243 255 233 113 89 5
216 167 122 194 255 101 116 107 3
229 255 244 236 255 113 149 100 10
82 205 255 255 255 119 196 51 10
76 109 118 255 123 68 148 72 10
56 82 108 166 159 185 247 56 6
60 63 106 134 242 186 255 57 6
88 50 66 74 219 218 255 53 2
182 201 238 172 147 194 255 47 4
60 64 137 255 56 186 255 51 4
11 48 53 227 11 155 255 58 13
110 100 85 240 39 151 255 57 24
93 83 128 201 101 172 255 58 24
180 158 178 146 136 171 255 74 20

18 32 7 7 1
8 11
229 255 244 236 255 113 149 53
82 205 255 255 255 119 196 82
76 109 118 255 123 68 148 113
56 82 108 166 159 185 247 85
60 63 106 134 242 186 255 49
88 50 66 74 219 218 255 8
182 201 238 172 147 194 255 18
60 64 137 255 56 186 255 12
11 48 53 227 11 155 255 10
110 100 85 240 39 151 255 13
93 83 128 201 101 172 255 24

0 39 7 7 0
8 19
137 109 106 105 110 124 109 116
138 112 106 105 81 115 106 119
133 111 106 105 98 120 105 113
135 112 106 105 89 124 109 122
134 114 103 106 88 116 109 108
131 111 102 105 98 103 106 108
134 109 102 105 103 93 100 108
135 108 102 105 98 107 91 105
135 107 102 105 106 106 108 119
135 107 102 105 106 110 103 104
135 107 102 103 103 108 103 106
136 108 102 100 103 107 100 104
133 106 103 100 103 107 101 106
157 108 105 102 103 107 98 106
134 101 101 100 103 107 100 108
100 141 94 107 103 107 98 106
119 102 165 93 108 108 104 107
127 123 81 176 140 90 111 111
114 100 111 75 144 169 172 129

13 55 7 5 0
5 5
60 61 61 61 59
56 56 58 62 62
57 56 56 57 57
49 51 53 54 59
110 106 98 100 116

15 19 7 7 1
6 9
9 2 14 255 255 255
3 4 21 255 255 255
15 5 20 255 255 255
131 4 11 255 255 172
255 10 2 155 255 255
255 6 14 18 137 255
255 12 10 10 57 97
255 6 8 20 73 10
255 56 9 62 51 61

24 4 5 7 1
4 22
255 255 188 2
242 255 255 123
39 255 255 211
24 158 255 255
8 34 255 255
17 9 139 227
16 9 124 25
161 140 156 79
201 159 146 129
227 68 255 255
64 118 255 225
162 108 219 224
147 205 151 156
120 64 118 214
218 206 200 255
187 216 81 229
139 210 94 234
66 215 255 255
232 217 255 46
165 114 219 55
46 120 217 116
64 116 238 103

0 24 7 7 1
9 5
70 213 75 138 105 168 138 94 74
67 254 59 179 117 160 192 58 119
61 255 32 185 119 101 225 15 142
49 255 62 163 125 51 229 95 174
69 255 61 103 104 4 255 160 98

0 14 7 7 0
6 30
178 79 71 112 118 118
135 174 175 68 120 118
129 98 86 229 87 132
115 113 92 77 203 79
85 191 32 85 139 161
75 175 168 84 70 196
57 184 146 157 155 205
67 169 79 179 178 165
91 158 97 132 198 218
65 160 114 79 179 179
7 138 144 91 147 162
29 119 160 59 186 159
38 103 179 164 188 33
67 111 170 82 164 168
87 111 120 203 179 188
64 134 188 219 169 75
21 171 179 189 148 75
16 157 155 177 110 103
14 158 122 149 161 191
10 137 111 108 123 184
13 128 59 107 88 92
9 134 176 183 45 97
59 130 178 179 169 174
7 126 173 99 102 170
45 216 222 105 121 174
98 95 185 154 100 105
80 238 191 174 180 170
98 104 156 121 38 105
73 91 164 97 173 53
87 93 187 89 146 169

5 0 7 7 1
12 26
6 6 7 6 4 10 13 6 5 13 10 6
8 6 2 9 16 22 27 25 25 28 22 20
184 207 201 198 182 164 160 152 152 168 172 212
223 192 188 205 214 192 170 153 162 165 207 241
99 62 42 13 47 38 24 30 35 31 64 51
86 35 49 35 65 49 30 111 110 86 32 75
50 16 57 76 106 107 145 179 107 165 49 119
40 67 114 46 30 43 63 85 68 111 88 37
71 98 116 99 104 115 135 151 152 147 77 19
81 55 58 124 150 130 101 146 196 177 81 169
37 66 69 72 88 112 116 212 47 172 76 97
65 85 102 232 141 226 27 182 218 164 51 70
91 110 97 217 206 205 126 214 152 86 59 29
55 120 44 77 90 113 64 17 67 92 94 112
8 104 29 170 136 159 106 47 54 195 81 131
89 98 57 152 83 183 130 46 97 223 137 131
146 155 50 125 208 13 253 169 236 38 89 22
154 179 84 66 43 226 192 56 202 206 137 121
190 139 107 86 26 183 101 39 86 158 94 16
104 68 83 170 47 161 47 46 127 142 83 25
115 28 50 187 123 183 186 189 124 155 179 74
73 58 20 23 185 225 207 194 128 119 95 113
63 69 107 150 185 116 113 251 83 49 135 115
67 16 54 132 255 212 255 54 72 75 142 121
187 104 112 143 129 46 124 76 13 97 76 92
193 128 88 165 162 188 80 144 102 28 47 122

0 0 7 7 0
7 5
107 107 107 107 104 102 102
113 113 113 110 104 106 106
110 110 111 115 137 172 166
109 111 113 147 146 132 147
121 118 114 175 135 126 141

4 18 7 7 0
4 25
70 70 70 70
63 71 71 70
73 78 99 173
72 85 202 195
65 170 208 196
70 200 109 150
152 203 85 71
209 209 69 63
137 201 153 81
62 208 190 74
68 166 215 165
69 73 213 200
53 64 174 209
168 201 72 201
207 208 177 155
197 198 198 77
203 201 205 165
81 117 202 209
77 66 196 204
140 67 166 195
205 74 126 124
202 99 119 85
198 184 104 106
209 199 89 81
180 207 203 89

7 29 7 7 1
8 4
255 123 28 139 255 66 255 174
131 255 221 255 255 198 255 93
219 239 153 255 37 255 37 255
48 162 255 173 255 255 136 156

7 12 7 7 1
10 9
65 58 78 65 71 58 34 43 29 18
34 33 52 27 23 18 7 21 23 20
26 25 46 26 22 17 5 19 22 20
25 25 40 17 16 20 5 20 23 20
21 28 46 29 11 18 13 21 28 27
8 21 36 21 3 20 11 19 21 27
3 18 30 18 61 82 62 29 16 21
14 24 45 143 255 255 255 178 13 14
12 26 42 255 255 255 255 255 46 12

0 55 7 6 1
4 4
1 1 144 197
0 0 9 57
2 2 1 1
0 1 1 1

3 3 7 7 0
13 5
54 44 39 79 123 135 142 148 152 157 143 137 130
42 52 90 123 126 131 130 130 121 113 98 89 80
58 103 128 130 135 111 91 82 77 73 60 54 47
113 121 126 112 77 62 58 61 85 108 115 104 93
101 109 90 61 57 74 98 134 172 191 187 156 126

1 43 7 7 1
6 15
255 212 96 92 43 136
255 198 179 94 92 27
255 145 246 60 118 160
255 79 225 228 57 115
255 25 162 255 248 111
255 23 48 234 255 255
255 67 123 30 209 255
255 71 104 134 72 31
255 75 23 71 137 183
255 255 36 50 41 92
204 255 164 69 34 24
42 255 255 163 21 19
43 62 243 255 255 119
11 17 19 126 255 255
13 10 10 31 42 148

0 8 7 7 1
5 19
255 159 80 71 99
255 225 61 83 144
226 153 151 146 83
210 107 94 202 207
173 100 88 131 192
104 40 102 86 201
127 123 185 127 88
182 179 135 254 196
234 148 54 155 80
204 153 165 129 93
122 111 144 147 92
26 22 173 127 114
60 19 91 111 141
91 107 108 60 126
12 64 161 151 148
68 74 47 114 130
50 116 136 59 28
141 136 174 39 48
220 131 179 38 68

0 2 7 7 0
5 4
139 143 163 58 75
117 148 111 116 114
61 180 98 112 140
197 87 93 138 110

18 9 5 7 1
10 24
167 165 132 97 105 158 139 153 255 255
140 75 29 34 66 48 80 240 255 255
73 27 12 21 53 38 177 143 255 255
30 29 22 10 22 244 215 179 255 227
18 21 25 13 18 253 103 255 246 156
19 22 24 10 16 236 254 192 255 252
18 25 29 15 19 105 255 208 203 100
16 23 28 19 19 37 119 110 156 81
16 21 23 16 14 24 29 37 79 10
33 37 22 13 15 41 87 42 50 17
143 87 9 14 23 120 150 88 32 58
80 98 20 17 30 255 245 255 116 115
147 66 31 11 27 255 110 255 171 161
82 70 35 7 27 255 246 255 186 135
176 90 31 6 26 255 255 255 255 50
136 78 19 9 19 182 255 255 136 58
194 73 13 7 11 23 30 49 61 202
100 84 13 10 12 11 21 19 239 255
255 89 4 8 16 157 255 227 255 255
55 94 14 12 20 255 255 230 153 169
214 87 12 6 12 255 192 255 179 188
95 93 6 5 10 255 167 255 225 203
234 69 6 6 9 255 86 208 231 220
255 167 5 8 7 255 114 255 231 255

3 8 7 7 1
5 17
79 57 78 104 124
15 21 12 17 24
7 12 13 18 19
13 18 18 23 23
8 13 15 19 19
4 8 13 17 16
12 15 16 17 15
23 13 19 17 13
35 18 18 14 12
21 16 16 15 12
18 19 16 15 14
36 27 22 16 16
173 37 28 19 21
148 47 24 15 23
135 37 14 15 22
92 60 14 19 22
61 62 16 20 20

0 19 7 7 1
14 13
108 86 48 244 221 74 36 27 22 16 16 14 255 255
136 45 141 150 171 161 173 37 28 19 21 15 255 255
196 84 79 143 119 77 148 47 24 15 23 18 255 255
188 97 79 131 103 74 135 37 14 15 22 18 255 255
156 77 84 114 169 82 92 60 14 19 22 16 255 255
162 77 88 123 197 71 61 62 16 20 20 15 131 249
176 77 97 115 140 35 61 41 13 17 20 17 15 53
226 103 120 107 152 76 98 60 18 16 19 19 17 38
243 109 125 108 200 84 63 66 18 16 18 20 76 130
216 107 247 230 210 76 63 41 17 16 18 20 217 255
212 77 149 255 171 8 12 15 23 21 21 24 213 251
212 125 255 255 206 96 94 39 28 22 27 25 149 218
255 98 214 182 103 117 160 104 26 19 30 22 214 255

0 18 7 7 1
4 26
233 57 30 3
194 70 17 3
194 31 34 5
225 49 38 9
207 83 10 9
87 87 11 14
72 148 24 12
100 125 36 12
55 83 44 10
100 128 42 9
39 162 26 9
57 115 6 11
70 138 24 7
49 135 21 5
69 165 10 9
110 158 14 7
103 97 13 9
60 99 30 14
25 98 41 5
36 123 10 15
80 146 19 10
54 137 23 6
120 168 22 13
75 101 8 0
76 133 25 17
80 144 18 15

7 40 7 7 1
5 7
242 68 246 226 255
255 200 255 191 63
255 139 254 203 158
209 171 223 53 193
69 131 210 255 240
126 197 178 148 22
255 83 18 82 164

13 24 7 7 0
12 9
213 56 181 51 230 51 193 184 202 188 199 94
200 43 186 59 244 96 216 119 103 216 168 93
172 55 179 60 223 225 232 78 106 218 147 105
124 46 236 212 102 67 154 105 98 232 134 102
141 239 116 81 88 92 150 85 101 239 134 96
210 90 81 187 87 91 173 93 104 226 158 100
91 81 168 209 91 87 179 87 108 213 178 99
81 83 194 180 94 84 184 85 118 187 200 100
87 89 226 153 96 90 180 90 128 163 205 102

13 10 7 7 0
11 28
76 96 137 137 107 88 71 70 71 81 75
196 153 94 91 93 85 78 73 77 84 81
104 114 108 101 94 90 90 97 111 136 124
141 108 100 101 97 99 105 129 144 125 92
106 105 100 102 124 149 123 119 192 137 151
108 97 140 160 126 68 97 191 142 228 166
145 180 122 62 62 110 202 133 81 158 122
129 67 72 121 203 188 145 80 161 177 100
78 136 214 204 78 97 80 86 194 134 129
214 200 90 146 71 173 88 84 199 147 115
142 146 81 126 68 126 116 73 218 155 124
117 100 92 99 111 82 139 70 208 166 116
163 77 107 82 156 59 148 67 195 119 206
196 56 142 61 209 50 166 41 191 245 217
213 56 181 51 230 51 193 184 202 188 199
200 43 186 59 244 96 216 119 103 216 168
172 55 179 60 223 225 232 78 106 218 147
124 46 236 212 102 67 154 105 98 232 134
141 239 116 81 88 92 150 85 101 239 134
210 90 81 187 87 91 173 93 104 226 158
91 81 168 209 91 87 179 87 108 213 178
81 83 194 180 94 84 184 85 118 187 200
87 89 226 153 96 90 180 90 128 163 205
89 77 235 128 75 90 166 95 161 148 181
87 77 249 104 93 98 151 92 171 159 171
86 93 244 100 85 112 126 94 164 185 158
88 110 233 83 88 142 103 87 134 216 145
90 151 123 70 118 222 89 101 116 241 147

7 5 7 7 0
7 29
94 120 100 89 75 75 74
221 246 232 202 187 96 80
120 126 159 193 131 95 73
108 118 183 99 77 73 68
109 180 100 77 70 73 63
183 106 67 76 69 67 76
114 68 71 67 101 164 196
76 108 79 177 237 181 104
152 83 194 241 145 106 141
116 198 183 190 80 161 106
206 118 194 118 155 121 108
116 57 214 93 192 116 145
62 71 209 84 198 178 129
68 120 178 74 155 83 78
68 177 157 83 80 145 214
59 225 147 128 217 188 142
63 229 210 226 216 90 117
80 231 153 72 131 77 163
111 136 145 73 182 64 196
171 73 195 65 223 56 213
188 68 204 62 209 67 200
184 56 190 61 166 75 172
160 65 154 81 93 104 124
121 103 113 122 72 63 141
108 152 83 186 226 238 210
76 76 113 243 254 244 91
99 205 194 99 193 181 81
211 103 76 72 119 127 87
69 92 86 81 144 103 89

4 36 7 7 1
9 5
255 255 230 151 255 209 255 255 124
30 255 201 255 40 255 255 100 255
255 181 255 199 255 255 53 255 255
251 116 255 220 255 255 241 255 133
174 95 235 255 255 245 255 255 247

3 0 7 7 1
10 4
113 169 206 224 239 249 247 232 219 208
233 255 224 183 213 243 255 241 186 145
232 255 189 124 89 62 46 94 111 20
199 255 255 255 255 246 177 189 190 164

5 2 7 7 0
4 25
58 81 99 117
81 99 110 111
108 109 115 119
129 109 163 107
123 108 92 218
104 109 116 248
97 114 219 240
93 137 234 243
83 76 246 167
82 81 105 238
72 79 88 233
68 78 99 158
62 80 237 244
71 79 249 188
66 128 251 56
75 158 217 85
79 109 124 88
80 93 246 224
75 174 208 56
80 125 181 219
73 79 239 87
79 78 224 212
78 99 76 245
81 51 82 206
80 75 79 56

2 17 7 7 0
5 24
81 78 76 71 73
81 82 75 71 73
81 70 80 84 75
81 112 72 60 121
82 113 29 64 31
82 111 33 48 28
83 119 35 67 33
83 123 31 28 44
83 74 95 116 140
83 79 76 71 77
83 71 82 71 79
82 78 75 73 77
79 110 66 125 124
80 110 28 37 33
80 67 86 114 161
81 112 26 32 35
81 106 43 101 143
85 108 37 34 27
85 73 148 115 70
78 80 80 80 78
83 86 82 78 78
88 79 83 84 78
91 86 103 156 133
91 84 28 42 35

8 20 7 7 1
10 10
22 16 23 29 16 2 6 14 6 144
26 12 11 25 19 11 12 21 10 108
24 4 5 23 15 5 12 21 9 194
27 6 3 23 17 5 10 19 19 194
31 15 14 24 15 1 7 11 15 107
26 21 19 18 9 6 8 12 4 47
10 10 7 5 3 11 16 12 1 120
6 14 9 4 8 6 15 15 5 121
17 18 19 12 4 8 12 17 4 97
35 27 33 35 17 5 9 15 9 68

13 19 7 7 1
10 8
255 13 136 255 255 58 216 255 32 97
244 94 255 255 131 255 196 255 26 109
218 255 255 93 255 235 196 255 28 127
148 255 255 255 255 171 255 255 47 124
243 255 234 202 255 255 255 255 52 151
114 255 78 11 128 255 55 248 73 103
210 255 255 255 99 255 213 255 189 212
255 176 255 255 147 255 234 255 255 116

0 22 7 7 1
8 19
0 6 187 162 32 238 173 129
0 5 188 170 82 178 95 128
0 4 165 157 88 158 107 102
0 4 181 209 100 142 122 52
0 3 185 218 93 133 123 37
0 4 190 255 10 146 255 135
0 4 211 246 255 255 255 155
0 4 225 175 215 165 255 77
0 4 225 251 255 254 255 102
0 4 210 255 195 255 241 142
0 4 202 255 177 255 75 91
0 4 203 255 156 255 44 46
1 5 202 255 133 237 121 93
1 4 193 255 130 155 202 119
1 5 175 255 114 81 145 184
0 4 157 246 100 98 115 205
1 6 146 242 95 97 246 146
1 5 151 248 105 107 255 36
1 6 181 255 149 101 255 115

0 3 7 7 0
11 11
46 132 141 128 123 127 133 135 142 142 138
151 126 77 121 132 134 135 134 133 132 120
139 91 131 145 145 148 151 157 165 167 171
157 151 138 140 146 150 155 165 175 191 204
154 149 149 147 151 154 157 159 165 168 173
150 147 150 150 151 151 157 165 170 173 177
147 149 150 150 146 145 159 163 168 176 181
148 148 150 152 153 136 158 146 159 151 160
148 148 147 150 155 92 74 157 100 93 84
148 148 148 148 163 12 63 22 17 26 23
148 148 148 148 162 15 67 16 18 42 24

14 19 6 7 1
13 14
91 10 10 4 10 14 13 8 9 12 45 117 14
78 8 17 11 21 17 12 4 6 9 59 83 95
26 10 52 39 51 23 11 2 6 9 62 45 102
85 14 51 122 175 243 107 1 4 8 67 30 121
93 18 66 144 59 150 116 1 4 8 78 55 167
58 16 96 121 45 163 113 3 6 10 76 68 59
12 12 111 224 201 255 190 4 8 12 48 116 108
24 12 111 234 134 233 238 2 6 10 14 25 64
52 20 106 161 161 196 238 4 4 8 64 93 42
52 20 120 149 126 235 222 2 4 8 94 33 71
76 19 137 141 58 167 170 8 8 10 116 19 71
128 11 124 173 108 174 181 7 10 12 145 40 92
128 16 93 135 64 140 151 3 8 12 145 56 65
115 12 100 174 46 173 140 3 8 12 87 50 68

0 0 7 7 0
4 22
114 110 191 163
130 122 159 174
111 112 178 133
66 94 125 131
38 162 137 92
121 138 91 114
160 141 131 130
147 139 129 131
155 135 130 133
149 135 130 133
147 132 129 128
152 132 129 128
150 134 131 130
150 134 131 130
151 131 132 129
154 131 134 128
154 140 129 128
154 129 125 130
152 130 128 130
150 180 133 129
149 145 128 127
153 149 126 126

14 8 7 7 0
8 16
152 151 151 140 131 123 111 83
156 138 136 132 129 120 114 100
164 195 114 123 124 121 116 109
188 184 136 127 125 148 176 165
76 80 182 204 114 82 60 70
185 52 19 60 135 171 74 76
22 23 31 144 70 147 70 86
194 193 194 182 70 117 71 85
158 148 197 197 72 111 211 74
34 171 131 203 72 115 206 87
37 78 91 202 106 136 207 123
46 54 86 213 147 167 208 137
47 56 174 159 168 192 204 105
58 58 113 116 155 206 210 90
145 58 63 81 131 204 200 103
101 66 64 67 104 205 188 102

4 43 7 7 0
7 7
66 57 60 74 89 99 103
107 133 144 140 122 109 101
88 100 145 147 151 148 143
94 157 153 183 174 185 181
149 195 204 191 182 183 184
143 182 194 204 205 176 173
94 134 150 197 193 98 123

18 54 7 7 1
8 4
25 8 77 176 233 134 23 1
81 127 196 179 113 33 8 0
146 192 150 65 21 5 3 0
86 56 26 7 0 0 0 0

0 43 7 7 1
9 13
162 255 84 53 175 255 66 255 41
184 248 177 133 161 165 111 255 120
231 255 242 124 184 255 82 255 255
250 255 199 20 130 209 142 123 80
251 255 108 67 168 149 232 255 255
249 255 161 193 189 148 255 176 153
255 228 158 201 150 149 225 255 255
254 159 82 75 93 89 6 11 10
249 224 91 88 106 80 68 39 60
130 226 138 56 104 82 225 250 181
11 179 235 63 54 203 255 206 238
4 122 255 218 12 207 173 27 250
3 16 144 255 228 233 209 140 255

0 28 7 7 1
9 30
50 78 30 53 56 79 33 128 189
42 100 36 48 68 96 34 107 194
46 113 33 40 61 127 51 64 133
38 126 50 58 44 100 58 62 110
45 124 46 60 82 113 52 62 105
36 130 47 84 62 89 57 68 93
20 121 55 90 33 78 81 71 64
23 113 46 94 42 65 80 71 54
55 116 60 87 67 88 108 76 59
56 118 80 76 75 110 114 69 77
65 132 83 44 30 108 122 77 111
71 124 98 53 59 92 107 28 124
85 83 65 36 59 90 105 19 34
100 77 21 21 52 62 103 31 24
94 61 20 24 40 48 102 41 10
91 93 51 56 72 46 110 41 44
67 101 121 64 102 50 107 46 37
37 81 141 33 113 43 91 51 20
19 84 149 27 123 63 94 43 17
27 112 202 75 113 69 117 63 16
27 135 170 57 95 65 103 52 16
41 115 173 81 81 54 98 58 29
45 103 156 67 71 54 83 80 51
49 62 122 110 23 40 70 77 45
51 44 66 135 80 33 75 102 58
43 50 34 103 133 36 46 118 88
26 19 20 61 129 129 39 85 72
14 28 16 10 43 143 145 47 83
19 14 7 10 12 35 121 117 52
2 4 4 3 5 17 15 82 126

10 29 7 7 0
15 29
120 69 85 157 155 154 153 75 90 148 150 142 138 111 107
137 125 121 110 153 156 154 160 151 102 68 66 112 114 61
156 156 158 160 156 103 57 68 70 66 62 66 95 85 77
74 71 69 67 57 69 56 66 66 105 76 119 137 75 96
68 63 68 67 65 66 68 64 109 108 119 152 127 58 107
65 65 67 66 64 64 101 116 116 138 120 151 122 111 113
99 72 69 63 102 110 155 155 157 95 136 144 133 130 110
155 106 113 115 159 159 157 107 138 113 88 123 136 129 80
117 104 112 117 131 84 100 82 136 113 139 112 140 83 71
80 151 142 104 127 79 91 85 147 83 112 134 125 68 57
93 123 90 114 116 84 156 113 155 148 88 156 80 55 49
136 162 157 153 152 107 79 80 141 88 88 108 135 124 51
82 153 100 93 147 91 106 83 102 147 97 130 110 67 91
144 160 92 98 141 89 135 91 158 82 101 151 131 134 122
163 167 159 164 156 162 156 158 157 153 154 133 96 80 61
103 103 103 84 116 95 88 97 99 155 147 115 73 32 44
112 88 111 82 99 103 141 103 79 93 84 82 63 34 36
104 84 86 82 83 88 117 109 83 112 67 70 70 41 41
86 79 83 81 91 83 79 82 84 83 68 77 75 54 39
91 77 89 80 86 77 83 82 87 71 63 74 82 80 63
93 86 66 68 66 68 85 73 70 75 109 72 74 85 103
76 90 85 89 67 69 124 125 127 84 92 67 76 91 78
101 83 85 89 76 91 94 71 112 102 64 72 86 64 111
69 81 67 93 80 81 61 68 62 79 102 47 67 88 243
86 94 88 77 80 89 94 90 50 66 73 79 164 234 241
81 69 67 66 69 69 77 81 93 113 193 228 239 238 237
204 173 154 140 148 163 188 215 231 240 244 240 236 234 234
235 236 238 238 237 239 239 241 238 238 237 234 235 234 231
233 234 237 235 237 236 235 237 235 234 231 231 232 226 225

11 16 7 7 0
15 27
141 114 101 117 93 108 94 86 102 95 97 96 91 130 132
94 95 107 123 109 115 128 72 81 102 186 174 105 133 131
90 78 88 100 153 132 147 134 119 82 131 117 75 137 129
97 123 114 141 111 83 117 107 87 82 77 84 90 137 129
103 114 98 136 126 141 139 137 101 85 80 79 93 132 131
85 113 105 137 144 125 145 149 167 82 84 83 97 132 131
75 85 87 93 93 93 84 90 107 85 85 79 104 131 132
83 82 85 92 93 93 92 89 116 88 80 79 108 135 124
74 83 90 97 93 93 84 91 108 90 75 79 112 132 126
102 118 113 127 115 118 123 122 144 123 105 79 112 132 127
85 86 92 97 96 93 95 99 99 93 86 83 116 127 122
103 102 120 118 128 101 113 118 99 83 82 83 126 130 116
94 89 103 112 106 104 109 119 104 86 84 85 130 127 82
111 124 122 106 133 134 158 99 119 105 82 84 131 127 97
108 99 93 102 108 98 117 130 99 87 84 86 135 141 60
92 96 105 108 104 129 199 213 146 86 84 88 138 137 56
128 116 136 113 127 124 127 207 120 88 83 90 134 116 203
103 103 97 94 99 96 102 152 107 88 83 98 139 159 217
100 103 110 125 139 115 124 169 95 84 82 99 142 196 176
140 130 114 138 163 114 117 100 90 83 85 102 131 84 99
101 114 112 136 120 93 88 90 85 80 83 109 134 65 93
101 121 116 154 127 112 103 88 85 80 83 120 141 165 126
138 159 184 184 162 122 107 100 82 79 88 128 145 164 171
144 125 118 167 98 78 94 91 82 82 93 137 147 153 171
113 126 154 166 162 124 98 93 81 86 94 147 155 142 171
125 172 207 185 185 126 118 86 81 86 94 147 152 126 178
173 178 182 173 135 111 102 87 89 89 102 148 160 121 202

11 3 7 7 0
15 4
180 181 186 184 182 180 176 149 111 111 105 106 122 227 220
188 180 171 202 138 190 198 181 170 153 117 92 95 162 219
188 188 170 207 105 188 163 104 189 180 174 130 84 114 221
78 146 196 102 199 197 204 198 193 167 183 182 115 100 214

13 50 7 7 0
9 8
214 197 180 198 182 181 188 194 185
201 195 184 200 184 187 194 197 188
200 196 192 201 185 189 196 189 182
195 192 201 196 181 182 192 185 177
192 190 194 188 174 175 183 169 156
221 209 202 181 156 147 152 169 198
63 57 84 121 155 186 208 237 253
204 211 217 227 237 249 255 252 252

0 38 7 5 1
11 22
255 11 72 32 52 76 255 255 129 163 221
255 14 54 28 47 167 255 246 22 6 78
255 4 47 42 39 255 255 85 135 119 13
255 3 29 51 12 255 255 255 255 255 217
255 3 15 43 94 255 233 255 255 255 255
255 13 17 31 178 255 196 255 255 193 255
255 10 17 16 255 255 130 128 255 255 255
255 5 24 45 255 255 92 18 90 255 255
255 12 11 42 255 255 255 139 13 35 117
255 15 9 47 211 255 255 255 228 26 21
255 5 12 19 49 76 192 255 255 255 41
255 16 14 21 31 29 17 122 255 255 255
255 12 4 25 21 24 22 18 74 255 255
255 110 105 21 25 26 21 13 7 29 181
230 100 181 147 115 47 23 13 7 12 44
255 100 45 136 191 94 22 23 18 10 29
255 191 163 197 211 128 34 14 14 13 37
255 255 255 47 97 28 34 12 16 27 62
138 255 255 255 255 180 105 71 75 89 114
17 104 255 255 255 255 255 255 249 224 189
7 8 25 99 206 255 255 255 255 255 255
0 7 4 8 5 25 68 108 135 171 201

3 54 7 5 1
4 6
165 104 255 49
59 182 39 253
255 97 56 62
255 255 199 132
88 173 196 212
4 5 14 47

10 40 7 6 0
8 19
54 55 165 235 59 179 192 226
196 70 24 215 246 231 202 230
217 191 119 242 188 196 233 179
65 171 251 218 194 220 226 218
54 58 60 220 200 232 201 193
231 104 90 244 205 229 196 216
229 245 247 196 219 235 210 201
224 188 190 189 213 225 186 206
202 199 194 185 214 220 204 193
202 202 202 192 201 238 211 190
205 204 208 200 192 215 222 225
204 204 205 204 196 186 206 205
204 203 210 203 204 187 207 153
203 210 209 204 204 198 210 170
203 206 204 204 202 199 199 186
187 180 180 187 175 171 176 169
148 148 138 160 119 122 130 141
155 150 136 133 122 123 125 127
203 203 209 206 203 199 206 213

21 0 5 7 0
7 31
234 227 230 202 178 139 126
180 189 184 159 73 127 107
79 117 135 136 47 128 85
52 91 103 149 40 130 55
51 60 105 173 38 139 53
64 51 99 103 29 151 45
96 62 73 110 158 141 36
136 91 69 107 98 145 32
70 82 82 69 119 154 31
112 116 126 112 119 145 27
106 115 130 108 123 136 22
108 113 129 108 119 140 23
113 121 138 119 127 150 21
120 113 121 129 128 144 28
90 77 95 111 89 143 32
86 75 92 108 90 150 24
74 76 106 109 86 158 37
58 78 130 108 90 159 41
63 112 133 108 90 173 49
58 110 136 108 89 188 67
61 89 137 109 89 173 91
58 77 138 107 103 141 88
55 80 113 108 110 127 75
107 114 141 147 136 146 27
104 82 113 108 116 153 31
103 82 116 109 93 160 54
103 82 117 111 110 164 67
102 80 118 110 110 149 80
103 81 119 109 111 130 84
104 78 117 110 113 132 57
106 78 113 109 109 132 11

0 34 7 7 1
8 22
255 215 130 233 142 255 168 247
188 239 192 252 198 119 255 255
122 193 204 199 170 65 255 223
100 178 218 226 190 85 255 229
98 172 200 225 154 100 255 234
98 176 199 229 146 102 255 232
98 175 196 228 151 95 255 236
88 175 188 221 148 95 255 241
70 191 215 240 148 161 255 239
69 168 195 217 176 180 255 250
68 129 212 207 135 117 255 255
73 114 171 224 196 122 234 255
96 116 154 235 175 71 115 255
108 133 149 233 192 78 119 255
111 140 134 235 215 82 117 255
112 150 139 255 255 86 95 247
104 120 65 255 255 95 95 230
125 166 52 220 255 109 96 231
148 202 70 192 255 128 100 234
92 255 237 166 255 196 122 243
14 138 255 255 255 255 82 206
9 8 114 255 255 255 48 197

12 4 7 7 0
7 26
208 209 200 192 203 210 216
184 206 207 197 199 210 209
218 211 204 214 210 217 212
210 220 215 215 210 220 219
201 207 206 214 208 209 203
200 201 204 203 207 209 210
216 215 217 220 217 202 206
169 168 178 192 211 221 198
167 168 175 187 190 210 209
167 169 177 186 193 201 208
167 167 175 185 192 199 201
166 166 174 183 191 198 202
165 174 170 182 202 193 204
90 151 126 130 163 108 210
192 150 147 174 147 162 212
123 140 175 143 207 189 189
86 99 151 155 188 192 199
182 178 194 189 185 192 197
162 166 166 176 176 189 198
174 169 157 176 196 190 199
135 211 187 198 104 215 197
102 111 134 169 137 212 187
168 107 140 160 198 196 193
219 178 184 201 194 205 204
104 95 98 106 182 96 83
63 148 151 65 89 107 183

4 19 7 7 1
4 18
150 26 145 255
227 140 228 255
255 255 255 255
255 255 201 255
84 255 255 255
255 255 209 255
187 255 255 255
255 71 147 228
255 255 137 162
185 255 116 156
23 255 255 216
136 45 255 255
255 255 60 255
255 255 255 76
255 114 255 255
255 150 255 255
255 135 117 255
255 114 96 234

22 8 6 7 1
5 28
158 255 255 87 126
8 213 255 116 107
28 169 248 98 41
59 171 184 73 90
255 255 210 67 36
126 136 71 81 106
178 143 36 82 19
82 120 47 104 61
247 71 87 62 42
255 51 147 58 17
255 51 175 77 15
255 72 158 79 40
176 133 162 47 56
158 159 182 15 38
111 98 178 53 64
89 61 163 70 79
127 109 159 56 7
136 147 165 56 6
139 101 105 49 11
227 171 65 61 29
179 226 33 91 67
69 200 116 75 85
152 205 179 49 41
231 255 214 121 59
130 190 106 151 139
117 80 48 52 167
55 47 68 27 73
25 13 83 51 31

16 1 7 7 1
9 4
255 255 255 255 255 99 255 255 255
255 255 255 255 255 255 255 155 255
249 36 104 117 202 255 255 255 255
231 118 91 53 91 55 126 232 34

12 15 7 7 1
5 31
63 12 255 255 255
28 64 253 255 80
110 255 225 255 255
255 255 231 124 255
255 241 229 147 136
255 255 255 44 182
241 255 255 255 230
183 255 33 255 46
128 209 242 255 255
49 124 255 65 255
165 123 249 255 213
255 83 62 255 255
255 164 143 236 206
255 180 82 255 91
237 255 124 255 122
255 254 255 255 214
89 255 255 32 255
255 255 144 255 255
215 141 255 255 99
93 179 255 68 233
69 255 255 167 255
139 255 175 223 255
255 66 255 255 254
255 255 255 174 149
144 255 255 39 255
255 255 188 253 255
255 237 152 255 68
110 187 255 37 51
255 255 157 109 94
126 84 106 160 63
168 143 121 46 101

9 0 7 7 0
9 7
36 51 52 52 51 51 47 39 21
181 186 185 184 184 184 192 186 189
119 103 100 94 97 100 105 108 119
63 68 81 79 74 56 55 56 52
71 79 80 82 67 48 59 55 60
124 115 108 97 85 100 93 108 90
132 127 112 107 100 109 118 128 132

21 29 6 7 1
6 23
11 16 72 104 53 174
43 28 78 89 41 179
27 46 85 84 40 190
232 25 74 71 30 187
227 26 57 65 28 186
124 31 59 68 31 184
23 43 67 70 26 191
14 35 65 64 20 194
23 38 70 64 16 197
16 31 65 58 15 202
6 32 58 52 17 201
17 37 62 55 22 198
15 32 62 55 21 196
14 35 66 52 16 202
21 47 64 38 18 184
24 42 54 34 10 182
20 40 55 38 12 184
22 50 53 38 9 184
27 45 44 30 8 184
33 37 45 32 26 161
17 31 41 16 13 147
24 24 41 30 28 159
37 19 17 48 35 137

1 4 7 7 0
8 26
114 85 78 125 164 178 198 235
97 82 95 144 164 176 207 219
82 83 90 161 167 173 193 202
102 95 120 132 156 158 162 163
44 50 52 52 40 46 46 55
50 41 54 43 37 44 37 45
49 48 43 40 40 59 45 50
54 41 50 39 46 51 40 183
55 53 44 36 40 61 164 22
51 53 53 48 52 101 51 216
59 54 54 45 78 87 214 208
60 55 48 93 54 222 207 199
56 54 156 16 231 192 146 203
56 101 68 215 100 12 156 141
56 133 98 187 14 17 24 46
94 86 200 220 6 15 5 65
155 82 218 185 70 19 13 123
107 120 218 140 123 17 12 32
99 190 221 75 136 80 12 134
93 224 222 48 101 215 11 152
100 235 223 23 173 17 24 64
102 232 224 36 21 147 59 11
107 221 228 18 118 88 196 12
108 171 217 67 139 219 201 12
109 84 195 129 188 214 214 128
109 89 133 139 215 229 217 103

7 0 7 7 1
5 22
3 9 3 9 12
141 150 151 156 175
255 255 255 255 255
86 75 58 72 102
205 223 242 255 255
141 124 97 138 127
128 127 75 116 152
133 104 54 76 98
110 95 114 140 127
135 130 167 165 176
255 255 255 255 255
253 240 254 223 63
4 50 78 144 30
133 167 102 117 184
214 107 167 255 255
137 243 255 255 15
255 255 25 255 255
255 125 255 255 255
61 59 255 255 162
249 160 255 255 100
255 255 158 255 255
255 255 255 86 255

15 18 7 7 1
9 9
74 23 65 94 95 39 89 59 83
61 19 126 216 76 225 126 142 65
46 145 194 135 121 255 67 152 76
79 183 37 170 139 221 59 153 42
163 33 249 201 44 185 22 149 35
87 153 170 164 83 172 81 113 35
204 78 177 114 119 134 114 103 7
180 5 174 81 146 96 122 104 19
196 8 195 84 164 82 139 134 65

22 45 5 7 1
6 13
24 64 129 206 255 158
59 69 96 208 255 160
20 68 86 205 255 157
128 218 95 172 255 157
255 78 63 171 255 161
131 135 101 207 255 161
255 89 79 255 255 156
156 170 50 255 255 74
97 63 255 255 255 11
146 255 255 255 133 20
255 255 255 144 90 21
255 244 95 122 104 19
183 128 80 106 106 34

20 0 6 7 0
7 29
91 86 74 55 36 245 255
84 73 62 47 36 248 255
123 77 67 180 123 64 255
218 86 32 203 158 97 253
229 72 56 47 167 126 70
232 114 86 75 50 172 114
102 142 108 83 92 157 132
210 159 100 79 63 204 159
73 81 72 72 58 205 155
79 77 75 53 59 214 160
176 75 80 67 195 217 162
191 81 88 80 231 215 164
200 145 91 89 227 232 180
200 152 98 85 226 243 167
207 168 100 87 235 219 167
209 91 96 79 233 218 169
78 82 77 234 234 216 169
241 241 144 227 234 213 185
241 242 242 237 236 218 173
123 130 236 240 234 217 174
241 242 209 239 234 217 180
243 243 239 237 235 174 174
230 243 241 237 232 220 171
114 238 238 244 232 218 172
116 127 242 152 233 233 173
242 222 244 154 234 214 171
248 242 241 237 233 217 175
236 132 242 235 231 214 182
229 243 240 233 236 216 175

0 1 7 7 0
10 10
255 251 57 91 136 170 196 201 160 189
255 111 102 142 175 196 206 208 209 201
188 95 127 161 195 217 218 218 220 212
124 96 106 177 205 197 223 225 229 223
93 121 174 206 223 228 216 229 237 232
102 161 199 242 236 239 241 243 243 241
104 164 209 236 237 236 235 241 237 236
99 160 194 235 206 231 233 233 233 235
102 160 205 231 8 1 228 233 249 236
145 74 205 226 214 205 6 7 229 98

23 0 6 7 1
4 16
255 255 0 0
255 255 0 0
255 255 3 0
255 255 123 0
255 255 255 6
147 255 255 164
139 168 255 255
183 111 255 255
255 255 255 255
189 169 255 241
184 116 255 147
101 21 255 187
255 188 255 196
147 102 220 179
253 255 233 182
222 255 221 242

22 12 5 7 1
6 10
133 212 255 255 255 255
93 108 151 221 184 242
255 255 132 176 191 233
255 255 255 77 241 194
255 210 194 154 229 112
239 255 196 89 255 118
255 255 255 151 255 118
255 183 201 255 255 114
88 195 177 255 255 122
205 79 255 255 255 123

0 0 7 7 1
4 21
0 1 13 86
1 2 82 226
2 2 147 246
4 5 142 192
5 3 190 250
5 69 255 255
3 206 255 202
42 255 255 8
137 255 221 95
223 255 68 79
230 255 52 16
231 255 53 63
195 255 100 70
177 255 119 48
171 252 125 63
165 247 124 54
159 247 132 54
151 245 138 55
144 242 140 55
141 244 145 41
134 244 149 91

1 0 7 7 0
10 7
195 181 183 189 195 199 211 239 220 197
164 181 184 193 202 207 213 232 232 190
207 209 194 182 188 204 194 196 106 220
197 193 200 202 205 207 214 213 219 218
194 188 189 192 194 191 187 188 194 194
158 190 188 191 193 191 189 185 182 177
198 195 194 195 196 196 195 194 190 185

12 0 7 7 0
11 28
174 188 178 189 164 199 168 167 194 150 139
209 185 178 163 174 189 204 214 200 191 189
199 201 210 211 209 205 191 166 122 82 55
61 67 67 71 72 68 50 48 50 53 54
32 32 35 43 63 101 107 95 96 98 88
87 93 118 148 193 221 159 122 104 94 87
93 87 87 93 121 161 123 94 87 86 80
85 85 91 107 160 233 201 129 108 96 89
80 81 85 96 126 184 171 97 88 84 83
87 85 83 87 115 137 117 93 83 79 75
76 76 79 76 90 91 86 82 82 80 80
75 113 104 80 93 96 87 86 84 83 82
115 160 65 81 91 90 86 86 81 83 82
82 84 131 86 91 90 85 87 83 85 84
81 104 82 85 97 95 90 90 82 84 83
124 176 106 85 97 95 88 88 83 82 86
132 152 126 87 97 93 90 88 82 87 85
86 78 86 89 96 94 88 88 84 85 84
132 67 85 86 95 93 89 86 84 83 84
126 43 101 90 94 92 89 84 84 85 83
81 82 87 84 94 93 87 84 86 82 81
137 124 69 88 97 100 83 72 86 81 77
133 148 81 85 98 96 161 165 82 82 78
78 79 81 82 93 88 183 173 80 80 78
77 78 79 81 90 84 68 75 78 80 79
78 79 78 81 88 81 162 187 75 80 81
72 74 79 79 87 84 81 74 75 79 79
105 121 66 79 82 73 68 132 74 80 80

0 33 7 7 1
4 22
135 72 77 4
122 72 76 2
118 69 67 2
164 63 72 3
131 30 74 3
136 19 77 5
160 4 84 7
195 36 103 3
136 87 109 3
109 43 47 4
128 32 67 6
135 61 73 7
68 31 24 5
47 3 9 2
49 2 6 1
44 1 6 2
41 2 7 3
38 3 8 4
50 12 7 5
110 93 41 13
115 76 149 94
214 118 8 105

6 18 7 7 1
13 6
6 4 14 31 22 116 144 155 91 26 41 160 252
86 92 70 76 30 99 167 129 100 24 36 175 255
122 56 78 21 28 16 122 96 72 18 33 92 219
192 208 99 42 70 63 96 70 50 19 35 78 166
64 243 116 21 109 32 129 109 76 18 32 99 209
68 255 204 78 110 56 153 144 86 14 28 112 149

0 36 7 7 0
5 12
154 60 135 117 185
140 54 132 121 43
146 53 134 115 218
147 52 136 113 129
152 49 141 158 46
149 52 171 156 33
148 71 182 121 29
152 84 139 98 37
151 62 136 92 87
153 42 134 89 225
160 41 139 87 60
153 34 176 140 23

0 20 7 7 1
4 7
255 85 41 255
255 8 36 255
255 78 50 255
255 6 50 255
255 75 106 254
255 80 40 148
255 75 105 255

7 28 7 7 0
11 24
133 49 45 107 39 31 107 123 26 80 47
119 129 48 79 104 110 42 33 122 45 47
122 112 125 47 108 109 116 41 101 111 47
96 118 110 109 45 17 105 70 66 115 48
119 71 119 107 109 117 86 54 121 115 50
23 85 54 78 108 108 111 110 115 127 50
118 56 50 77 22 101 113 112 118 70 50
120 114 95 64 113 46 65 78 47 52 59
120 96 111 124 63 121 48 46 47 131 48
116 124 14 108 111 109 57 46 64 84 49
55 119 125 28 108 110 122 47 112 49 48
95 35 117 117 49 112 49 47 115 44 52
125 118 30 113 111 110 135 115 113 136 50
126 61 69 30 111 111 108 125 116 119 49
41 118 56 49 32 116 44 129 117 70 50
57 86 118 113 50 135 83 125 120 48 49
140 118 113 110 109 110 128 75 122 47 47
123 18 113 41 108 111 46 44 125 48 51
102 126 116 101 102 62 45 46 116 48 49
57 118 133 48 61 122 45 47 136 50 51
56 38 116 113 68 113 49 45 117 49 53
131 52 16 113 110 112 137 44 57 148 52
125 117 45 38 66 109 49 45 47 129 55
122 119 130 45 48 46 44 45 74 123 63

10 44 7 7 0
15 11
138 121 60 80 118 83 65 47 50 43 112 128 122 118 71
140 36 45 44 72 37 44 59 46 37 130 129 123 116 111
132 113 142 99 116 92 129 123 126 127 133 125 118 117 113
139 79 34 83 53 28 83 58 40 118 131 126 120 115 109
134 140 43 132 90 29 52 50 26 79 131 124 119 113 94
136 136 139 136 135 128 128 130 114 105 97 89 80 73 69
100 100 98 99 98 88 87 90 80 85 93 91 77 76 68
96 103 102 97 97 94 85 94 80 84 96 83 79 79 76
98 102 101 95 97 91 91 91 86 86 97 91 79 74 70
97 134 128 107 98 110 86 96 103 123 115 100 78 72 76
102 97 104 104 99 101 92 110 113 103 118 106 73 82 73

15 11 7 7 0
9 6
124 117 114 116 116 132 142 58 105
48 150 118 123 121 111 105 137 126
53 43 129 124 118 113 112 102 111
56 43 41 152 118 112 110 102 93
51 49 46 98 119 111 110 101 90
55 43 41 49 82 115 109 101 95

