80 32
51

47 8 7 7 1
11 6
21 33 41 48 58 67 70 61 51 40 23
4 4 7 4 5 18 32 39 49 60 64
3 1 6 7 6 11 16 12 6 5 13
3 1 4 10 13 30 19 15 15 14 14
8 4 12 4 28 19 6 4 2 4 8
117 102 93 50 28 7 5 5 8 8 12

12 2 7 7 1
38 7
48 49 46 53 60 67 76 88 93 96 102 104 98 78 54 31 23 17 14 12 11 10 6 5 6 6 5 5 7 7 6 5 6 6 5 4 6 8
193 173 150 138 136 132 127 130 134 134 132 136 141 155 195 209 168 124 74 27 15 11 7 6 8 7 6 7 8 5 5 5 6 7 6 4 4 4
255 255 255 255 255 255 255 255 245 237 235 238 248 255 255 255 255 255 255 255 255 255 207 144 93 42 18 8 7 6 5 7 7 7 7 5 4 4
81 95 109 124 141 158 175 190 200 208 215 214 219 226 189 158 210 255 255 255 255 255 255 255 255 255 255 245 157 99 49 15 7 7 7 7 8 6
10 12 14 13 13 14 14 18 20 20 20 20 20 16 21 30 33 31 28 21 54 117 176 227 255 255 255 255 255 255 255 255 252 140 68 32 11 7
5 4 5 4 6 7 6 4 4 4 5 6 6 6 5 1 3 3 4 3 6 16 25 38 34 25 73 155 214 255 255 255 255 255 255 255 255 190
6 2 3 2 2 3 3 2 2 2 3 2 2 6 9 12 7 2 3 1 3 3 6 9 6 3 14 26 43 49 47 53 159 239 255 255 255 255

24 4 7 7 1
28 5
2 2 10 29 37 28 36 21 29 42 55 69 69 65 76 96 108 114 115 113 116 118 114 103 88 78 69 61
20 20 22 6 11 16 12 27 23 10 11 14 11 13 11 7 11 15 23 47 64 91 102 109 118 120 114 112
21 3 16 13 1 9 12 9 9 10 11 13 15 15 12 10 8 6 10 30 19 17 24 26 38 53 62 77
26 13 25 18 10 16 15 18 6 4 11 22 26 21 26 28 21 12 34 36 10 5 6 12 10 3 12 17
21 16 11 15 6 7 3 8 8 6 16 15 14 13 17 17 15 8 29 20 6 5 2 16 9 13 8 6

41 4 7 7 1
22 4
82 106 117 126 135 126 115 109 99 84 76 66 57 58 59 59 63 71 73 72 77 87
255 247 189 114 36 23 59 87 103 105 107 107 101 96 91 88 86 93 102 107 112 121
255 255 255 255 255 255 255 232 179 112 52 6 25 44 51 48 49 46 51 64 90 109
17 49 113 177 213 238 255 255 255 255 255 255 255 234 194 145 85 41 31 38 49 41

36 4 7 7 1
34 9
252 247 251 255 246 225 203 170 126 87 55 24 3 16 20 24 27 37 34 35 44 43 37 35 35 39 44 54 63 64 65 70 72 68
82 106 140 178 212 244 255 255 255 255 255 240 214 187 140 101 74 38 16 9 5 16 13 9 6 6 10 19 28 28 25 24 24 47
6 3 4 9 21 45 74 106 143 180 212 237 255 255 255 255 255 255 238 206 154 96 54 25 8 8 13 14 24 39 52 53 40 125
7 9 1 7 3 8 5 9 8 17 20 26 59 110 150 177 208 245 255 255 255 255 253 238 222 198 146 65 11 12 21 30 77 163
3 10 5 7 3 5 2 7 3 7 5 2 5 4 4 3 17 24 60 107 158 200 226 236 251 255 255 255 242 221 207 204 178 178
2 3 5 6 6 4 2 6 2 7 5 6 7 2 4 7 12 6 7 8 11 16 26 32 45 100 173 221 236 238 242 255 255 117
7 6 9 8 13 8 7 13 18 19 12 11 7 6 9 9 6 1 5 6 4 3 4 3 4 4 5 7 11 25 42 170 255 255
4 7 9 11 12 8 10 15 17 15 18 14 10 10 7 6 8 6 4 4 6 6 5 1 2 0 3 5 0 4 4 33 255 255
12 2 2 2 2 1 6 13 15 14 17 12 8 12 10 9 7 5 7 6 3 0 1 1 2 1 5 4 5 2 4 7 112 255

56 9 7 7 1
13 13
134 187 226 247 255 255 255 255 255 250 170 91 102
8 7 12 20 32 76 159 249 255 255 255 255 232
6 5 6 8 5 7 5 21 43 52 67 112 178
6 10 12 12 8 6 6 4 21 25 11 7 13
5 3 6 9 10 3 2 5 11 25 18 6 5
7 10 8 4 4 3 5 12 10 17 26 12 2
79 71 59 45 34 21 15 20 15 10 19 21 17
140 136 123 115 120 114 108 129 137 139 105 99 106
71 95 102 105 121 129 130 135 118 127 146 199 170
39 25 13 14 16 11 12 20 23 26 172 216 200
91 97 91 87 90 95 99 96 82 97 180 185 126
63 72 73 70 74 73 74 93 113 146 213 255 255
48 49 51 51 50 41 37 44 58 64 68 67 66

36 12 7 7 1
30 5
137 119 103 82 57 31 14 2 6 12 8 9 3 0 4 5 5 12 29 39 27 69 187 255 255 255 255 255 255 145
176 176 185 191 197 201 190 165 134 97 37 7 10 6 5 2 4 5 4 5 11 27 42 35 49 165 255 255 255 255
140 148 178 212 226 254 255 255 255 255 240 76 8 13 13 9 8 5 8 5 5 4 2 5 21 33 32 51 160 255
83 141 157 139 125 121 144 155 152 255 255 255 77 8 15 12 7 4 4 6 8 6 3 3 3 3 3 19 41 34
31 34 50 74 95 90 79 13 103 121 255 255 255 213 123 67 34 16 5 4 2 4 2 2 3 5 3 4 6 3

0 0 7 7 1
22 12
14 21 29 39 48 60 72 84 87 77 65 52 38 35 25 50 119 184 166 77 59 62
7 13 23 33 47 60 70 90 107 113 101 81 58 64 62 64 98 196 182 72 33 21
22 24 25 22 54 62 32 6 34 73 99 97 82 101 94 85 90 135 181 131 95 70
12 18 25 63 179 212 198 193 177 154 151 128 109 125 127 147 152 229 255 255 255 255
9 23 77 165 237 197 133 148 165 184 186 178 174 168 171 156 160 186 212 236 255 255
15 18 123 138 255 200 8 32 51 46 44 47 55 49 38 37 46 53 61 72 84 96
3 9 130 85 255 194 26 57 41 23 20 27 37 47 49 47 50 53 54 57 63 63
4 4 62 122 255 183 37 42 21 5 3 1 2 1 8 8 7 8 9 9 11 14
16 12 16 115 246 132 51 54 19 4 4 4 1 2 1 1 1 1 1 1 1 3
11 5 25 121 203 93 47 59 14 1 1 2 2 1 0 0 0 0 0 0 2 3
35 44 43 119 189 84 44 63 17 4 3 2 1 0 0 0 0 0 0 0 1 2
3 21 46 150 250 190 151 117 39 11 6 2 2 3 3 2 2 5 5 3 3 3

28 14 7 7 1
31 12
145 147 145 134 128 126 122 112 107 104 101 96 86 69 43 23 20 16 9 2 5 2 1 2 3 6 7 12 11 7 7
255 255 255 255 255 255 255 255 255 255 255 255 255 255 255 255 255 255 210 146 59 9 9 6 9 8 4 6 10 9 7
141 106 101 96 93 82 75 85 95 83 77 92 115 163 207 235 255 255 255 255 190 7 10 5 5 3 4 8 7 4 5
157 145 144 132 122 108 101 105 153 153 146 133 152 166 135 95 58 39 143 255 255 21 16 8 14 14 19 15 9 8 10
83 58 37 16 6 10 10 18 68 38 31 19 29 79 85 65 85 102 125 255 240 77 50 53 48 44 47 39 30 29 30
213 175 149 133 123 125 133 153 157 107 108 96 92 127 150 141 144 133 148 236 163 64 54 56 63 61 62 57 57 60 63
199 159 138 139 139 135 132 131 120 99 106 108 112 137 172 188 195 192 187 202 118 18 23 22 22 24 24 24 25 28 26
64 58 53 57 51 45 45 43 42 36 30 27 23 18 30 49 67 86 86 79 32 14 24 27 29 40 44 47 44 38 34
51 51 48 56 47 46 47 45 47 45 48 51 55 49 43 42 46 44 46 45 47 45 50 57 55 56 50 46 43 46 44
25 17 16 29 26 29 25 27 31 27 25 30 40 45 47 44 41 35 31 31 34 32 35 41 49 55 57 60 56 54 51
102 99 93 92 83 86 80 77 71 68 71 71 64 56 55 54 53 51 50 48 45 45 46 48 54 48 48 44 39 37 34
190 189 188 188 187 189 193 200 194 190 193 195 194 190 190 187 186 188 183 184 185 187 183 184 186 179 182 176 174 176 178

0 2 7 7 1
18 12
23 20 79 164 82 12 25 41 65 96 112 117 131 150 170 181 191 200
28 27 122 183 69 29 24 19 20 27 29 21 16 18 26 36 54 74
34 26 152 198 43 17 18 19 22 29 38 39 26 22 22 18 22 26
34 20 180 193 14 8 5 6 6 6 5 15 11 12 18 12 17 20
42 31 209 202 6 9 6 7 7 7 3 7 3 3 8 1 7 7
51 52 245 233 16 8 8 5 6 8 9 10 8 18 23 26 26 31
42 44 241 255 223 196 139 80 20 12 9 7 12 17 19 32 24 33
34 32 132 241 255 255 255 255 149 178 191 137 94 64 22 10 18 26
34 32 36 39 52 158 255 255 225 254 255 255 239 220 153 99 82 71
27 23 20 20 18 88 93 208 47 57 8 87 116 171 195 176 148 114
28 19 4 7 5 80 109 202 135 118 136 62 89 43 31 66 50 18
42 33 12 13 12 68 137 229 103 59 130 91 105 77 64 78 68 52

0 4 7 7 1
7 6
54 165 118 12 5 3 3
103 177 80 3 5 2 3
135 155 32 1 4 1 2
159 125 9 3 5 2 1
158 73 10 3 4 1 2
149 132 109 90 87 85 108

0 1 7 7 1
16 5
40 129 197 27 117 76 23 13 17 35 30 37 42 45 47 40
30 187 182 65 95 88 105 103 85 85 78 66 54 39 18 14
24 187 188 98 91 44 37 30 33 37 40 43 50 60 71 85
28 178 175 60 51 15 15 7 6 9 12 13 13 12 9 6
25 202 162 68 57 17 15 9 12 20 19 16 13 11 7 7

0 5 7 7 1
7 9
25 202 162 68 57 17 15
39 208 145 83 58 10 5
32 197 126 80 43 12 8
50 200 122 82 43 19 16
30 224 209 145 80 80 151
42 106 184 131 120 227 255
8 21 30 51 104 255 239
7 9 10 12 72 191 115
7 16 18 22 62 186 99

0 15 7 7 1
15 10
15 17 23 11 21 57 71 39 58 63 79 104 101 94 63
12 21 26 14 6 58 90 56 14 43 45 39 44 65 8
16 26 6 31 73 129 84 26 18 44 38 37 46 84 84
11 8 11 26 34 70 63 60 32 44 42 42 66 114 100
19 11 8 28 55 66 67 60 54 52 42 44 53 51 54
15 14 10 9 9 7 10 12 17 28 27 28 26 19 21
9 23 27 22 21 22 21 18 16 15 14 9 10 10 10
42 26 21 14 6 6 11 20 26 36 44 53 53 51 50
72 66 64 62 60 55 54 52 51 55 52 43 36 39 46
106 94 94 97 101 106 104 98 92 96 101 102 103 104 102

37 22 7 7 1
26 4
41 38 39 41 33 43 41 25 28 33 34 34 34 37 33 31 30 27 25 29 29 22 16 10 2 49
41 37 40 42 36 46 63 70 70 73 78 80 80 77 72 72 73 74 72 68 62 47 38 33 35 54
57 55 53 50 41 39 41 38 26 23 26 25 26 25 26 30 28 30 35 32 30 30 25 30 36 54
255 255 255 255 255 255 255 255 255 255 255 255 255 255 255 255 255 255 255 255 255 255 255 255 255 255

30 16 7 7 0
30 7
88 91 88 84 79 76 70 67 63 58 54 58 59 56 46 41 42 38 36 42 43 44 42 41 41 41 40 39 39 40
36 37 37 39 37 37 36 34 33 33 32 33 35 34 30 33 31 17 33 42 40 40 41 43 41 43 43 40 40 40
40 41 39 41 39 38 38 39 39 39 37 36 36 34 37 31 32 17 36 45 43 44 42 41 42 43 42 41 38 36
38 37 36 38 38 37 37 38 37 37 36 35 36 37 33 32 32 23 36 47 51 55 52 51 49 47 46 43 43 44
21 21 20 20 19 19 20 21 21 22 22 22 23 23 21 20 18 30 43 46 44 43 44 48 52 54 54 49 45 52
21 22 22 22 21 24 25 27 28 28 28 28 29 27 26 27 30 38 42 40 38 38 39 39 40 39 39 41 42 48
39 39 40 39 39 40 40 40 41 39 39 37 38 39 39 35 39 36 39 38 39 38 38 38 38 38 38 39 38 38

0 8 7 7 1
23 5
3 85 232 166 22 7 6 3 4 5 6 7 6 8 10 11 11 12 12 8 9 9 10
7 106 228 134 15 7 4 4 2 2 3 3 2 0 3 1 1 2 4 2 2 0 2
11 118 214 112 15 9 1 5 3 1 2 3 3 6 5 3 2 3 2 2 2 1 1
10 129 255 224 141 116 64 22 12 9 7 11 9 5 3 5 6 8 6 6 6 7 5
7 79 220 255 255 255 190 73 37 29 29 32 25 19 9 12 14 15 17 18 16 17 16

18 17 7 5 1
34 11
42 42 49 51 53 57 57 60 63 68 62 65 68 73 72 75 80 82 84 86 85 84 79 79 84 92 95 90 97 80 33 11 3 7
36 37 41 42 45 47 45 45 48 52 51 48 49 54 59 58 59 56 57 58 59 59 59 59 60 57 59 65 78 32 45 20 6 12
26 20 18 13 11 9 5 4 4 3 5 6 6 7 6 10 14 14 16 18 21 22 24 25 32 34 34 42 86 45 31 5 1 4
73 72 70 65 64 63 62 62 59 60 58 58 58 62 60 57 56 56 56 54 51 49 51 47 45 43 42 46 69 32 18 18 14 12
49 50 48 45 45 44 46 50 50 52 52 54 53 56 58 56 57 58 61 61 62 63 64 65 65 62 59 61 55 22 8 11 10 11
6 7 5 4 5 4 4 2 3 6 6 5 4 4 6 6 4 3 5 8 10 12 12 12 12 13 13 14 5 2 4 2 2 3
28 24 22 21 22 22 20 18 20 24 20 16 14 16 17 18 17 15 14 15 13 13 14 13 12 12 12 11 14 11 6 4 10 11
22 14 11 9 8 5 3 2 8 12 9 12 15 18 19 20 24 26 28 30 30 29 28 29 31 32 26 23 26 28 26 30 32 27
99 94 94 90 88 87 87 86 89 91 86 84 82 80 80 77 74 74 72 70 66 63 61 59 55 54 49 45 42 40 34 30 22 17
70 70 74 74 74 76 77 79 83 87 88 92 95 94 94 95 97 99 101 104 104 101 99 100 100 96 93 91 92 93 90 88 89 88
29 29 29 29 29 31 30 29 30 31 30 30 33 35 34 31 31 32 33 36 38 41 39 41 44 43 44 43 45 50 51 49 53 54

26 6 7 7 1
30 8
10 5 5 4 2 3 4 8 13 3 13 15 20 26 39 54 71 103 143 168 189 200 194 174 125 33 70 95 158 205
8 1 2 2 2 2 2 8 16 4 14 17 11 5 3 2 1 7 17 19 27 40 62 102 151 187 184 164 125 71
5 2 1 1 2 3 2 5 15 11 7 20 21 4 3 4 4 9 16 11 6 5 4 4 3 13 36 69 127 188
5 6 6 5 2 2 3 4 13 17 5 17 19 4 0 2 7 12 12 2 1 2 6 8 4 11 7 2 15 11
5 3 4 8 11 8 14 24 35 27 11 19 19 14 12 7 7 8 10 4 4 5 5 12 16 26 19 15 18 14
80 56 27 5 4 3 25 72 97 79 51 13 10 14 16 16 17 19 16 9 8 7 3 3 18 20 17 23 10 9
113 110 75 24 8 6 40 133 191 190 162 63 94 95 92 81 74 63 73 120 122 96 73 30 37 12 31 9 12 13
38 88 100 54 12 2 46 145 200 171 248 118 99 83 94 110 124 146 213 225 203 154 165 135 68 51 23 1 3 2

8 4 7 7 1
39 5
6 7 9 10 10 9 10 14 21 27 37 37 37 30 33 47 65 66 63 44 50 68 78 76 81 85 96 91 75 65 64 61 55 51 54 62 75 96 121
4 6 8 6 8 9 5 5 4 8 8 9 9 8 12 9 12 14 16 20 25 33 35 30 25 27 45 65 72 70 70 72 72 71 75 87 97 109 134
5 5 5 5 6 8 7 9 9 10 7 8 8 6 9 9 11 9 5 6 8 9 8 11 12 11 11 12 12 11 14 20 28 34 35 38 40 37 44
2 3 5 4 3 4 4 5 5 5 5 4 5 5 5 5 5 7 5 4 4 6 5 6 7 7 8 8 8 9 10 10 9 9 8 9 13 12 12
0 1 3 3 2 5 4 3 2 2 3 3 4 3 3 2 3 5 7 7 6 5 4 5 6 6 6 6 5 4 5 6 6 7 8 10 12 10 11

0 0 7 7 1
25 14
31 32 11 3 7 23 25 30 20 27 52 86 69 35 31 36 34 31 22 32 24 33 37 45 39
24 12 13 5 134 255 255 255 255 255 255 255 255 255 255 255 255 255 248 244 227 220 206 185 170
8 4 19 29 255 255 255 255 255 255 255 255 255 255 255 255 255 255 255 255 255 255 255 255 255
5 12 21 29 255 255 30 75 82 57 36 16 10 8 13 17 26 37 37 41 55 65 78 100 120
4 15 12 45 255 255 74 7 15 24 26 26 24 27 27 23 15 14 18 18 23 29 23 26 20
8 8 8 133 255 255 88 5 7 17 10 10 14 11 17 12 8 11 12 5 10 18 14 21 21
4 2 2 211 255 229 85 7 9 12 5 12 17 10 13 17 11 8 2 3 11 17 13 16 16
6 7 12 255 255 136 54 12 9 10 8 6 4 11 4 8 5 7 6 7 7 12 9 10 8
10 16 14 255 255 77 36 3 5 12 5 8 9 10 10 9 3 8 9 10 10 10 7 8 9
8 11 4 255 255 24 25 6 5 14 13 27 25 23 21 15 4 6 14 9 12 12 13 11 6
2 9 11 255 255 237 183 189 204 211 210 204 162 188 217 247 228 206 154 106 65 37 17 6 7
1 11 11 229 255 255 255 255 255 255 255 255 255 255 255 255 255 255 255 255 255 255 255 244 226
15 13 16 57 105 189 255 152 50 28 40 144 156 174 107 38 85 116 149 233 255 255 255 255 255
7 11 25 14 15 18 114 125 52 65 91 40 29 22 47 67 60 46 72 31 66 35 18 29 36

26 4 7 7 1
37 14
29 28 41 27 14 7 2 13 32 42 47 56 73 85 111 144 169 187 199 205 207 221 228 225 212 207 191 155 118 88 89 76 47 47 50 43 46
5 4 14 18 10 4 2 5 2 9 6 7 9 13 13 8 6 5 22 34 48 72 100 132 155 174 190 187 173 160 169 187 167 138 119 95 78
5 3 11 22 25 14 5 7 3 8 10 7 2 2 4 4 4 3 3 0 4 4 4 3 10 21 49 79 89 104 123 158 170 172 173 175 191
9 2 2 9 18 13 6 8 3 13 17 8 6 2 3 5 5 3 4 3 5 1 3 1 8 4 8 25 25 34 17 26 44 69 90 107 145
8 13 17 23 20 7 5 7 3 15 13 4 6 2 2 3 4 2 1 5 4 6 9 7 11 7 4 6 6 12 4 4 13 16 14 7 17
14 18 19 17 8 7 9 8 3 15 15 6 5 3 5 5 4 2 1 3 4 2 3 3 3 3 6 8 5 9 4 1 9 3 3 8 14
117 106 70 93 90 34 4 3 3 13 8 7 5 5 3 1 3 5 2 3 2 12 10 12 2 0 8 8 9 16 31 35 45 48 49 43 37
242 255 255 255 255 254 197 200 209 237 232 233 216 204 188 183 174 137 111 97 81 59 14 12 2 3 6 4 9 14 23 22 17 22 27 32 30
124 182 182 155 231 245 217 227 234 248 234 244 249 242 228 236 255 249 233 230 238 213 82 8 10 11 15 17 19 23 32 31 35 40 39 29 21
29 17 17 28 40 38 30 35 30 19 17 17 17 27 30 48 77 104 121 145 211 247 107 4 13 8 11 14 15 17 17 9 11 8 15 16 14
9 3 7 6 8 12 10 18 11 4 13 18 17 9 12 15 13 9 6 2 155 255 112 6 12 5 4 6 8 13 15 8 5 4 6 11 27
50 21 10 6 7 9 7 14 7 11 14 6 6 9 7 16 16 31 60 65 215 255 58 7 11 5 3 4 4 8 14 12 10 8 6 6 29
233 226 217 216 231 231 224 230 221 226 221 212 214 201 198 186 182 184 187 182 252 228 13 4 8 5 5 4 4 5 10 11 9 10 5 3 8
51 32 18 31 44 29 20 36 52 86 79 78 90 98 89 79 76 66 48 62 156 151 8 2 3 4 7 4 1 4 4 9 6 10 10 9 1

42 0 5 7 1
34 13
33 35 32 31 23 3 9 8 17 22 12 9 5 8 15 8 4 4 3 2 6 8 13 11 2 9 7 5 2 4 11 5 4 3
29 25 25 20 26 28 28 32 26 20 16 19 24 25 28 19 23 23 18 16 18 13 7 4 6 2 9 9 7 8 13 8 12 3
41 42 44 41 37 47 48 39 28 30 25 25 27 26 20 20 30 29 31 23 20 18 8 2 11 14 9 10 13 4 13 10 6 3
55 54 47 54 53 63 54 52 43 51 51 48 45 44 43 25 25 22 31 22 19 26 34 25 23 16 11 9 14 10 6 10 6 8
90 67 56 54 51 42 41 49 56 57 52 57 62 61 60 54 48 46 54 50 33 29 36 30 20 22 11 5 13 17 23 23 15 9
127 124 117 110 103 92 81 64 52 45 34 39 37 52 46 48 53 48 58 70 58 43 31 26 23 34 32 23 18 18 13 13 15 5
94 110 112 112 112 109 112 116 124 123 107 82 62 58 44 28 25 26 32 45 52 50 37 22 15 24 33 21 14 11 2 9 21 11
34 40 46 57 65 65 72 86 104 123 132 136 131 126 127 120 97 72 49 33 31 41 47 30 8 4 14 15 6 7 10 18 32 22
1 3 10 22 33 30 31 19 13 21 47 72 85 93 108 130 138 133 128 126 119 108 104 72 25 9 10 28 20 6 4 7 17 20
5 3 4 2 7 3 4 3 5 11 4 13 14 13 12 26 55 83 105 129 146 153 180 184 158 128 80 42 29 17 11 8 13 11
1 1 5 3 7 9 6 5 8 4 8 8 5 5 6 7 7 12 16 26 48 78 124 160 177 204 210 169 113 46 15 4 5 12
3 2 7 3 5 4 4 4 5 13 10 11 10 4 2 4 3 2 3 2 6 14 21 28 44 88 152 213 232 116 19 8 2 13
38 32 28 14 10 4 4 8 59 84 80 80 69 56 40 30 26 21 21 17 15 14 12 8 4 4 14 79 220 204 61 7 5 8

0 0 7 7 1
4 11
3 1 4 12
7 6 5 111
3 5 4 242
2 4 2 255
2 5 7 255
2 4 15 255
0 1 19 255
2 2 29 255
5 2 29 255
6 2 27 255
5 6 21 255

50 18 7 7 1
19 7
198 98 14 4 4 4 4 3 3 3 2 3 5 7 16 13 14 6 9
137 32 4 3 3 4 5 4 1 2 1 4 5 1 5 2 7 10 10
103 43 37 35 34 34 33 35 31 33 29 28 26 23 24 21 16 16 16
48 32 31 32 33 34 35 36 34 35 37 38 39 38 40 43 45 48 48
12 14 14 15 16 15 8 4 5 3 2 6 9 9 8 15 19 20 21
15 15 13 16 17 20 13 13 13 13 14 17 16 11 12 20 21 20 18
79 81 72 60 59 67 55 47 43 43 38 40 46 42 40 39 41 44 45

9 2 7 7 1
31 14
62 66 68 76 82 86 94 95 89 87 86 85 88 88 83 83 74 69 62 44 37 31 35 35 29 24 15 12 9 7 11
9 18 14 6 5 9 14 24 30 38 45 49 59 69 78 88 93 88 81 75 75 70 70 74 73 72 67 52 45 41 28
18 20 11 7 11 12 13 14 13 17 15 10 8 8 4 12 22 26 25 27 30 34 41 46 54 64 73 74 74 76 71
23 18 11 10 10 8 7 6 5 10 6 6 5 9 13 11 10 13 17 16 14 12 13 8 4 5 11 16 24 35 42
19 12 10 9 6 4 3 4 7 9 6 7 7 8 14 17 17 19 15 12 8 5 5 6 12 12 15 14 14 11 9
12 11 10 7 5 4 5 7 8 7 3 2 3 4 6 8 8 7 7 6 2 3 2 4 7 3 3 3 2 3 6
11 6 2 0 1 2 5 6 4 3 3 3 2 3 5 6 6 3 0 2 1 5 7 4 3 1 3 3 3 2 1
34 20 13 10 8 2 5 3 3 2 4 2 3 2 2 4 4 2 1 3 5 5 4 4 3 7 5 5 4 5 7
33 32 39 41 38 35 43 46 40 40 32 22 17 16 11 4 4 4 4 5 7 7 4 3 4 5 2 1 2 2 1
33 8 11 7 8 32 24 15 39 53 69 44 35 33 54 66 64 54 48 39 28 19 14 11 7 3 5 1 5 15 15
33 18 53 47 57 68 60 34 64 53 72 53 33 59 79 68 75 77 83 85 78 71 74 78 72 64 63 56 48 43 30
7 77 102 74 79 64 71 72 76 47 59 72 49 64 43 20 24 28 35 47 48 53 61 69 74 73 79 85 89 96 98
75 88 46 8 6 6 7 8 21 19 24 47 40 31 17 13 13 11 12 19 15 14 9 3 9 12 20 30 36 51 65
25 17 28 31 25 27 16 19 23 23 15 10 7 2 9 12 13 14 15 21 22 22 12 5 3 4 3 5 6 14 20

33 10 7 7 1
28 13
1 1 2 1 1 2 1 2 3 2 1 2 2 4 4 2 2 4 3 1 2 4 3 2 3 2 4 3
0 1 2 3 2 1 2 2 1 0 2 2 1 3 4 3 3 3 3 1 2 5 5 3 4 5 4 1
4 4 3 2 1 3 2 4 3 2 4 4 2 2 1 1 3 3 3 2 2 5 5 3 3 5 3 3
27 34 40 46 55 64 75 87 99 112 125 139 138 138 110 73 30 4 1 1 1 2 4 1 1 2 1 3
255 255 255 255 255 255 255 255 255 255 255 255 255 255 255 255 239 40 4 3 3 2 2 2 2 2 2 3
255 255 255 255 255 255 246 241 240 231 226 217 200 219 255 255 255 56 13 2 4 6 5 6 6 4 2 3
51 63 68 74 79 80 78 83 100 104 96 77 93 102 133 255 255 47 15 5 4 1 2 4 5 4 3 4
73 81 87 93 98 104 101 100 111 136 136 114 135 137 210 255 240 28 13 1 5 3 3 3 3 4 4 4
28 28 28 30 27 30 27 15 15 36 54 41 41 47 111 165 155 68 15 11 11 10 9 8 7 11 11 13
183 181 177 180 179 182 188 175 169 173 189 184 174 185 190 184 144 64 5 8 6 6 6 6 6 11 10 8
205 209 209 214 220 226 233 236 232 229 231 238 232 233 213 198 142 55 15 18 17 14 14 12 12 16 17 15
29 29 30 30 31 37 38 39 41 41 44 49 52 53 53 52 30 10 9 11 10 10 11 9 9 12 14 14
10 8 8 5 6 3 5 4 4 4 5 5 8 5 4 3 4 3 5 2 1 2 6 7 7 8 8 7

41 8 7 7 1
28 6
1 2 2 2 7 6 4 5 2 2 0 0 2 3 2 1 3 3 5 6 5 3 4 4 4 5 6 8
2 1 2 2 4 5 6 8 5 4 2 2 4 5 4 4 5 4 4 6 7 9 9 7 7 8 6 3
1 0 2 4 8 8 5 2 2 1 0 0 2 2 1 2 3 3 3 4 4 4 3 3 1 1 4 7
2 1 1 3 5 5 3 3 3 3 2 1 3 3 3 2 2 1 1 2 2 3 4 4 4 4 10 15
4 3 3 3 4 5 1 1 3 3 3 2 3 3 3 1 2 1 1 2 4 4 3 1 1 4 11 8
10 9 10 10 8 10 6 1 2 3 1 1 1 2 2 2 2 2 2 3 5 4 2 0 2 2 9 17

9 0 7 7 1
20 12
4 4 5 11 14 11 2 8 6 4 10 7 6 6 13 12 23 22 26 21
65 67 66 61 62 67 65 56 50 48 50 44 34 30 26 14 7 14 30 33
71 70 68 66 66 69 73 70 66 67 71 73 72 77 84 84 77 66 52 35
13 15 18 21 22 24 31 36 34 33 39 46 50 58 71 83 88 88 94 95
4 3 2 1 1 2 2 7 7 7 7 10 10 11 14 22 26 30 40 53
4 3 2 2 2 1 1 2 2 3 3 4 4 3 3 5 6 6 3 5
1 2 4 4 3 2 2 2 1 3 3 2 3 2 2 2 2 1 1 3
2 2 1 2 3 3 2 4 3 3 1 0 1 2 2 2 1 1 0 0
2 1 1 2 4 3 2 4 3 3 2 2 2 2 1 3 2 2 1 2
2 0 1 1 1 3 4 6 4 5 6 6 3 1 1 2 1 4 1 2
20 14 5 1 0 3 2 3 2 3 2 4 2 2 2 1 2 3 3 2
71 74 68 58 53 50 43 33 24 22 20 14 8 2 2 2 4 3 3 3

41 9 7 7 1
10 4
6 11 14 15 13 24 24 17 2 29
2 1 3 9 12 19 23 14 16 7
33 31 31 26 20 15 11 2 9 8
43 35 40 40 41 39 32 28 30 31

26 7 7 7 1
31 11
58 30 58 18 17 42 84 118 127 123 119 153 176 152 99 57 26 16 35 29 16 19 49 73 83 155 180 83 157 134 100
39 32 45 11 2 7 7 7 5 6 3 5 22 33 53 92 115 111 111 93 67 47 37 38 27 70 147 152 115 70 42
14 12 14 3 5 5 9 8 7 4 5 6 11 11 6 1 5 8 8 6 7 12 42 79 93 94 105 124 134 123 104
3 2 3 1 3 3 2 5 3 3 7 6 5 10 9 6 4 1 3 3 7 8 5 1 4 4 8 11 14 22 28
9 8 8 3 3 3 4 4 4 3 6 6 1 2 3 3 3 4 4 2 3 2 2 3 3 3 2 2 1 2 3
13 10 13 10 13 13 11 7 5 8 12 5 1 3 3 0 2 5 7 5 5 4 2 1 1 1 0 1 2 2 1
94 69 64 72 82 77 80 70 55 73 93 91 85 62 41 22 10 3 5 3 4 2 1 1 2 2 4 3 1 1 4
183 133 101 136 155 147 132 123 100 85 84 65 91 91 78 74 75 60 36 24 18 9 7 5 2 4 2 2 2 3 4
117 121 95 134 115 118 119 138 142 162 157 130 119 73 100 153 180 182 155 103 68 67 71 72 60 38 17 8 3 3 1
51 77 75 79 24 28 38 61 63 71 40 45 98 35 75 54 37 67 104 96 54 71 72 81 91 94 88 81 59 29 13
96 104 84 52 23 37 57 80 89 123 149 140 110 16 75 100 88 96 76 37 9 14 6 19 27 33 46 69 68 47 36

17 8 7 7 1
39 7
0 1 4 5 4 4 6 5 8 39 32 45 11 2 7 7 7 5 6 3 5 22 33 53 92 115 111 111 93 67 47 37 38 27 70 147 152 115 70
11 6 4 4 4 5 2 1 5 14 12 14 3 5 5 9 8 7 4 5 6 11 11 6 1 5 8 8 6 7 12 42 79 93 94 105 124 134 123
12 11 14 15 16 13 11 7 4 3 2 3 1 3 3 2 5 3 3 7 6 5 10 9 6 4 1 3 3 7 8 5 1 4 4 8 11 14 22
11 9 13 13 17 17 17 16 13 9 8 8 3 3 3 4 4 4 3 6 6 1 2 3 3 3 4 4 2 3 2 2 3 3 3 2 2 1 2
92 70 43 23 19 17 11 7 10 13 10 13 10 13 13 11 7 5 8 12 5 1 3 3 0 2 5 7 5 5 4 2 1 1 1 0 1 2 2
140 113 123 136 149 128 111 94 92 94 69 64 72 82 77 80 70 55 73 93 91 85 62 41 22 10 3 5 3 4 2 1 1 2 2 4 3 1 1
85 65 122 137 160 140 137 143 153 183 133 101 136 155 147 132 123 100 85 84 65 91 91 78 74 75 60 36 24 18 9 7 5 2 4 2 2 2 3

42 12 7 7 1
31 14
29 36 37 30 18 7 6 7 6 8 8 4 2 2 3 1 3 3 2 1 3 4 2 4 5 5 7 3 3 6 166
97 148 176 177 176 120 39 7 5 5 7 6 3 1 3 3 4 5 5 3 3 4 3 5 7 7 7 27 57 63 61
209 228 203 179 234 255 175 39 4 1 5 3 4 3 1 2 2 4 5 3 4 5 4 4 7 9 26 160 255 255 210
184 124 63 33 80 202 255 132 8 3 9 7 7 4 3 3 1 4 3 2 1 5 3 3 5 6 55 206 251 142 226
176 146 123 119 111 142 221 121 8 2 6 4 2 2 4 6 5 6 5 6 5 8 6 4 6 8 60 208 255 114 96
98 57 44 28 112 255 255 85 8 4 6 3 2 2 1 5 3 1 4 6 2 4 5 3 3 6 33 140 186 120 122
64 87 99 133 255 255 125 13 6 11 8 5 3 3 4 10 3 3 8 7 3 2 3 7 7 7 104 255 255 255 193
34 21 48 114 210 154 33 10 5 3 1 2 2 2 6 17 35 35 21 4 4 2 4 6 9 21 201 255 237 126 82
148 154 164 212 223 126 65 36 34 37 38 40 44 44 45 62 59 69 62 42 45 47 54 54 57 70 164 255 210 160 85
181 178 178 170 124 61 80 71 72 73 73 78 89 87 86 75 61 78 98 88 86 82 79 81 81 77 84 166 198 232 121
84 74 59 46 39 35 24 13 14 12 12 19 27 13 24 20 27 17 19 11 16 18 22 30 28 23 52 80 147 255 255
46 44 49 47 54 53 51 46 49 49 50 54 67 62 54 41 46 60 64 58 61 62 59 57 60 54 48 48 26 220 255
8 8 17 19 19 13 13 15 18 21 20 18 18 28 50 50 62 58 50 55 58 58 54 51 49 47 42 42 55 255 255
205 201 189 190 193 194 194 189 188 189 196 196 172 162 198 230 235 254 255 255 255 255 255 255 255 255 255 255 255 255 255

37 6 7 7 1
31 8
7 15 10 6 5 7 9 19 32 56 80 110 143 166 184 196 208 207 185 153 106 57 23 3 5 7 9 9 4 3 5
7 13 7 7 5 6 4 5 4 6 10 7 21 40 61 81 112 157 190 204 218 209 166 112 62 25 4 4 4 2 3
9 14 7 2 4 7 6 5 5 4 2 6 1 10 14 1 9 9 50 82 128 182 214 226 216 175 110 55 20 7 6
10 13 7 4 3 6 5 3 4 7 6 4 5 3 8 7 6 5 7 9 9 29 65 112 170 218 223 197 139 75 31
18 26 22 20 19 15 13 9 7 7 6 7 3 1 7 14 15 12 8 3 10 9 6 5 25 75 131 189 213 201 161
132 131 113 87 66 52 48 43 37 30 12 3 0 2 6 5 3 4 3 3 7 8 11 11 7 7 15 53 107 159 184
197 198 176 132 92 69 64 63 57 60 33 1 3 5 5 3 2 2 1 1 2 2 0 2 4 7 61 96 86 13 62
87 116 123 97 60 36 31 34 38 62 43 3 4 5 5 3 3 2 1 1 2 5 3 3 3 28 183 216 238 110 14

70 14 6 7 1
5 11
251 113 48 40 36
222 155 18 11 20
177 255 103 23 24
81 243 196 49 21
15 167 206 56 22
18 132 255 139 11
5 42 227 220 28
12 15 142 210 62
9 41 209 234 82
53 175 255 165 26
234 255 197 38 31

28 3 7 7 1
25 6
234 234 231 232 243 233 209 194 177 156 130 99 70 49 35 25 14 4 3 3 0 0 2 2 0
119 135 144 155 188 214 220 228 235 244 255 255 251 238 218 192 161 130 102 70 40 24 13 4 1
4 6 6 3 5 19 35 53 65 81 112 145 175 208 237 250 255 255 255 255 234 198 154 112 71
5 5 3 4 7 9 7 6 3 3 3 3 7 12 46 79 103 133 174 212 250 255 255 255 255
4 5 5 13 16 20 8 8 10 12 14 18 14 7 4 4 3 1 3 12 50 97 131 171 223
2 2 1 9 9 11 7 8 7 6 6 9 7 8 5 6 5 5 7 18 29 32 27 19 7

36 11 7 7 1
12 4
4 4 3 7 8 7 6 2 5 3 3 3
128 111 90 68 47 25 7 3 7 4 3 3
234 237 240 234 226 206 168 112 39 6 5 5
109 125 151 173 197 211 228 235 148 35 8 7

26 2 7 7 1
29 5
27 32 49 57 66 68 65 63 60 42 27 19 9 14 16 16 14 8 8 5 3 7 8 10 13 7 3 5 7
188 169 168 162 154 146 145 136 102 72 50 18 8 7 8 8 27 51 72 83 83 81 82 84 86 88 89 89 90
191 214 231 245 252 251 255 255 255 246 226 209 195 181 167 132 122 90 79 77 68 70 69 81 88 92 90 91 94
43 31 27 27 30 34 44 70 102 129 156 178 195 205 217 210 191 166 125 109 88 82 48 16 7 21 26 29 28
8 5 5 3 3 1 5 5 4 4 3 6 16 32 51 72 103 131 140 138 139 155 154 137 119 98 78 44 25

32 0 7 7 1
18 8
72 89 87 83 89 90 93 88 75 71 79 90 94 105 102 95 85 82
104 100 70 57 56 25 57 84 100 110 121 117 114 116 107 112 105 108
36 23 10 20 62 98 117 124 119 120 114 87 83 73 32 18 4 1
244 247 244 244 225 184 138 92 62 32 24 19 47 75 58 69 89 92
55 87 109 119 155 187 217 236 250 242 214 199 168 128 90 93 72 42
8 32 36 11 3 8 15 25 43 65 86 106 124 135 142 166 185 166
13 39 42 16 4 5 4 4 3 3 5 3 8 18 32 45 58 74
10 36 40 15 8 9 10 7 4 6 5 5 6 3 3 4 4 15

26 7 7 7 1
35 15
20 16 14 14 14 16 15 14 13 14 15 17 17 20 18 25 41 39 78 92 120 143 156 166 152 123 78 66 46 31 90 123 152 164 211
24 23 24 20 18 18 18 20 19 22 20 21 20 23 23 31 42 18 40 12 17 44 25 23 56 85 126 168 221 220 190 133 74 48 80
31 32 36 33 34 28 26 28 29 29 25 25 25 27 26 37 46 35 32 9 40 47 7 41 30 9 5 13 22 22 8 42 119 209 255
30 31 33 34 42 40 31 28 25 23 24 24 25 28 29 42 32 11 13 25 37 46 64 75 41 6 7 15 24 20 19 41 26 15 19
38 23 12 9 18 29 28 24 22 19 20 19 21 23 30 48 40 8 18 24 21 3 22 16 3 6 13 23 40 43 31 31 11 3 12
90 85 78 72 68 58 42 28 16 8 4 8 17 21 27 51 55 44 47 53 69 73 63 32 21 5 6 6 10 14 4 20 16 9 6
127 142 149 152 154 154 149 143 132 116 99 80 68 50 24 21 34 34 31 23 11 12 20 13 13 23 31 25 29 34 30 19 3 12 10
175 172 176 181 183 185 196 222 240 246 250 253 255 255 255 219 144 43 35 45 42 36 32 23 27 26 22 20 23 23 20 22 26 26 32
67 79 89 100 95 76 75 49 13 21 52 96 131 167 203 255 255 205 59 55 71 86 103 101 90 80 72 67 67 70 68 66 65 48 36
168 167 165 166 162 164 181 189 187 185 191 202 209 201 199 173 213 225 94 20 13 22 16 21 18 21 28 32 39 43 48 51 62 72 84
40 38 34 34 47 41 39 21 9 29 50 79 103 125 156 163 209 170 56 44 41 53 47 42 33 29 29 29 28 24 21 18 15 8 3
25 35 33 24 21 27 27 39 53 70 87 100 107 127 142 92 90 145 135 105 100 100 108 109 116 125 128 135 135 132 135 136 137 139 140
78 68 65 59 65 70 70 77 70 67 54 43 42 29 77 66 21 31 21 14 3 5 4 10 18 18 11 13 17 19 22 25 25 24 28
87 87 85 73 67 64 68 85 97 112 120 125 133 137 160 131 87 95 80 65 62 64 71 76 85 97 103 102 101 103 106 111 110 109 113
16 13 12 12 13 13 13 14 14 15 19 19 15 17 36 33 10 9 6 8 12 9 9 12 15 13 9 9 8 9 12 13 14 12 18

50 7 5 7 1
26 6
12 25 32 35 47 84 133 171 194 243 255 255 255 255 255 255 237 195 156 145 179 87 9 5 8 5
1 3 3 5 3 12 18 24 24 25 59 119 169 220 231 255 255 225 151 159 239 145 7 3 7 10
4 4 4 6 3 3 2 2 5 2 5 19 20 22 28 56 96 143 176 203 255 255 70 7 11 11
76 81 81 85 86 80 70 62 47 34 27 19 9 3 1 3 5 16 33 75 252 255 152 9 11 8
59 25 24 27 27 31 31 37 41 38 39 43 43 40 36 35 37 38 34 28 105 255 207 20 17 11
41 58 62 64 64 59 48 39 24 7 7 13 19 26 28 22 23 24 27 28 44 255 226 22 15 12

0 0 7 7 1
28 14
5 3 4 87 192 204 188 193 180 168 161 148 134 126 121 112 100 87 63 33 14 8 5 6 2 6 6 24
3 4 14 188 255 177 139 182 208 220 235 249 255 251 239 224 205 192 179 157 137 130 122 109 93 72 26 25
1 2 23 255 255 168 171 168 185 188 187 192 197 200 205 209 212 214 214 205 192 202 220 214 199 194 175 119
2 4 68 255 255 132 130 105 105 98 89 94 107 120 144 170 191 208 217 213 189 171 178 192 216 242 255 255
3 7 172 255 255 48 16 49 150 194 185 172 151 129 106 87 58 23 36 71 89 94 105 127 156 166 183 218
5 14 255 255 182 36 39 221 255 255 241 251 255 255 251 244 234 226 217 206 185 166 142 137 129 126 122 128
2 31 255 255 87 12 148 255 255 118 65 70 84 95 107 122 138 152 164 176 186 195 204 209 212 215 214 211
7 87 255 255 42 43 255 255 143 17 8 13 18 22 26 27 29 32 36 38 38 40 43 45 47 46 47 48
7 149 255 253 23 148 255 248 44 5 3 10 6 4 5 6 6 6 10 6 8 8 11 12 10 7 7 11
8 134 255 255 95 255 255 103 27 11 2 12 3 1 3 2 3 7 9 5 7 7 5 3 2 2 3 3
8 81 255 255 255 255 192 135 229 251 233 214 194 171 141 100 56 31 13 2 2 4 4 3 1 2 5 5
5 2 91 232 238 221 144 255 255 255 255 255 255 255 255 255 255 255 255 231 197 174 149 122 96 65 33 10
9 9 6 2 9 41 245 255 162 40 66 81 99 119 150 205 249 255 255 255 255 255 255 255 255 255 255 254
7 9 11 5 16 68 255 255 99 8 8 19 70 92 92 62 6 17 42 78 94 103 126 161 191 213 230 246

21 23 7 6 1
23 4
48 54 56 56 52 54 60 43 48 47 57 59 52 52 55 50 59 57 57 65 75 76 76
212 213 213 210 211 211 204 198 197 206 206 209 205 202 203 201 208 209 212 214 210 203 199
50 52 55 54 55 59 61 59 55 64 67 65 63 60 61 60 63 62 65 71 77 84 88
248 249 249 247 248 247 245 241 243 242 248 250 250 248 250 248 248 247 245 245 245 240 242

68 22 5 7 1
8 4
16 13 11 108 255 132 56 9
79 68 65 49 195 191 52 4
49 61 92 118 158 105 34 6
158 169 166 145 137 102 36 2

45 11 7 7 1
8 7
5 1 4 3 4 10 19 24
5 12 45 45 34 23 13 13
11 37 158 132 121 15 17 25
62 75 193 97 152 17 20 7
255 235 187 106 141 9 18 5
72 95 124 183 158 57 14 8
137 100 119 94 156 111 13 13

0 9 7 7 0
38 14
152 154 156 160 76 27 19 19 19 20 19 19 18 19 19 15 15 16 14 14 15 13 12 13 15 13 14 15 16 15 14 14 15 13 15 14 14 13
153 155 157 161 139 72 36 43 22 28 23 23 18 22 19 17 17 19 19 15 16 15 10 19 12 14 15 8 17 13 14 14 14 15 17 14 13 13
155 157 157 158 164 158 160 172 66 60 58 85 81 64 61 51 51 53 43 41 42 34 44 46 64 42 45 25 19 19 19 16 18 18 18 16 15 15
158 160 160 161 164 162 163 181 73 67 69 87 94 101 78 70 62 76 45 42 47 38 47 58 98 62 46 29 29 29 26 26 26 29 27 26 31 33
159 161 161 163 163 168 166 176 94 68 108 117 111 126 123 116 108 106 104 94 85 81 75 70 100 72 59 59 60 59 64 70 75 81 84 86 86 83
160 160 161 162 163 163 165 172 140 102 108 111 104 114 124 123 121 121 123 120 128 123 115 112 111 102 95 96 100 101 102 104 108 116 122 133 141 144
160 160 162 163 162 163 165 169 144 128 121 126 124 127 123 127 127 127 125 118 123 122 118 115 114 113 112 113 112 105 107 107 110 110 112 115 114 111
157 158 160 158 161 161 160 165 160 162 168 162 161 164 160 165 165 152 135 138 132 130 127 125 124 122 119 116 114 108 109 106 105 96 96 95 91 84
163 163 164 168 151 134 130 133 129 194 208 213 202 203 209 171 201 215 138 132 133 133 134 136 136 133 131 133 134 134 134 134 135 133 130 130 132 131
155 158 160 157 128 109 97 116 171 213 155 201 178 230 208 201 209 195 127 132 131 130 130 131 130 128 130 130 132 132 133 131 166 173 127 126 128 130
168 165 162 132 112 92 102 151 216 197 203 208 191 196 195 210 210 137 131 129 128 128 128 129 129 128 129 128 130 130 130 128 127 114 127 128 129 128
163 162 138 126 130 123 138 210 208 208 197 195 201 186 148 193 156 120 127 119 120 119 117 115 114 112 112 110 111 111 109 105 110 107 110 106 107 105
162 138 93 100 85 85 110 110 92 79 75 71 73 79 78 76 63 58 57 55 53 52 50 49 48 48 47 44 44 44 42 42 41 41 39 41 39 37
158 80 40 39 37 38 37 34 30 29 30 27 30 23 26 27 24 27 21 23 20 20 19 19 19 18 19 19 20 18 19 21 18 20 21 19 20 20

1 8 7 7 1
14 12
255 255 68 14 1 3 5 5 1 4 2 3 3 2
255 255 94 23 7 5 7 2 3 6 5 6 2 3
255 255 255 255 188 75 45 37 40 37 32 33 26 16
117 255 255 255 255 115 54 64 89 107 108 101 83 72
2 11 40 245 255 71 24 38 81 75 74 71 56 55
16 9 18 236 255 69 29 53 125 103 113 63 34 33
6 5 23 209 255 123 142 145 152 87 129 145 77 66
5 5 21 184 255 212 246 217 167 91 121 193 183 141
57 59 52 97 205 192 183 186 209 206 194 206 238 229
120 105 77 88 78 92 113 113 132 128 127 158 187 155
133 150 188 76 31 47 44 35 52 68 78 85 124 91
68 192 146 62 70 88 85 76 61 86 96 76 171 102

59 6 7 7 1
15 8
31 57 22 85 149 197 208 198 187 134 48 19 14 9 9
103 83 81 86 38 51 44 50 113 186 182 102 20 6 10
117 141 131 79 67 86 84 76 80 101 140 133 77 9 20
8 5 9 40 68 107 129 135 107 114 136 170 197 84 24
12 9 9 7 3 6 10 8 37 96 144 179 255 159 11
17 18 23 25 24 24 25 35 38 38 37 57 185 189 31
16 15 18 16 14 14 15 13 5 5 6 33 168 214 73
27 29 31 31 32 31 67 115 107 43 45 55 157 234 104

21 1 7 7 1
37 12
255 255 121 39 122 166 68 86 131 91 103 112 51 55 78 9 47 8 52 82 184 83 199 100 180 140 63 12 30 36 41 75 161 222 222 75 23
255 255 94 55 177 176 78 92 122 84 96 113 46 51 112 52 95 15 67 87 185 77 239 120 176 142 78 6 30 35 41 76 163 228 225 77 23
98 131 163 213 252 176 133 178 214 211 191 161 77 53 110 25 89 9 66 90 204 67 174 161 156 106 45 4 27 35 42 77 159 228 221 75 32
111 132 136 139 105 34 71 141 212 251 231 200 138 116 133 29 93 57 77 111 219 25 57 55 13 12 10 10 28 37 41 77 156 231 225 70 26
34 28 18 21 44 39 31 12 22 45 51 55 53 59 67 42 86 85 82 139 255 213 175 171 137 96 59 39 36 36 41 79 154 231 242 80 32
6 6 9 9 14 22 28 35 38 40 37 38 44 41 39 33 22 15 12 36 110 139 161 194 217 221 210 199 201 207 196 114 155 209 237 81 26
7 5 5 4 7 5 2 4 7 11 12 12 17 25 30 35 42 46 49 51 52 43 27 14 28 69 107 134 175 247 255 236 255 255 193 104 53
5 2 4 7 7 5 5 4 3 5 7 6 2 4 6 5 5 4 9 10 26 32 35 42 50 56 49 53 53 15 78 98 149 136 101 142 150
10 7 10 6 4 3 5 2 1 3 5 5 6 2 3 6 6 7 6 1 8 9 11 7 7 6 15 34 60 64 69 81 104 118 125 142 178
34 11 7 9 13 9 10 9 8 5 4 3 5 3 2 0 3 2 3 3 5 7 6 8 8 8 6 7 11 6 5 15 38 60 72 77 98
156 160 164 141 114 104 104 90 65 41 24 13 5 5 8 8 10 9 4 2 3 3 3 4 6 6 5 9 21 26 26 18 17 17 14 7 18
112 176 184 176 146 165 177 204 209 195 183 173 164 130 103 102 86 66 50 41 29 13 3 5 5 4 16 47 78 68 59 31 17 19 20 23 27

0 4 7 7 0
5 15
152 151 62 17 16
153 152 78 17 16
152 150 85 17 16
151 151 93 17 16
154 155 106 18 16
156 153 110 18 16
150 158 131 31 23
151 148 150 151 144
149 149 145 146 149
150 147 150 147 148
143 146 148 148 151
150 150 146 142 138
143 145 143 134 134
145 146 145 146 141
143 143 145 142 122

1 1 7 7 1
6 5
107 160 152 148 138 135
167 221 175 169 165 158
213 216 105 85 96 97
251 186 50 23 29 33
250 139 25 5 5 6

