6.7356335106e+02 7.0389861509e+02
3.5506487727e+01 3.0889024286e+02
4.1591937595e+02 -5.8650550866e+01
6.7982739970e+02 5.2993558368e+02
-1.5007303070e+02 8.1307819468e+02
-2.5247443295e+01 4.3242487972e+02
-9.0161650720e+01 4.5703383863e+02
2.9602470876e+01 1.6142951097e+02
4.0671107682e+02 5.8862368364e+02
7.4418828140e+01 4.0164311773e+02
3.8224516634e+02 7.5408572587e+02
-2.5154239949e+02 -2.1498433052e+02
3.9041584322e+02 3.4398262409e+02
2.6912211174e+02 2.1460695307e+02
2.4554253302e+02 6.1252342400e+02
-2.1121173948e+02 1.2995172884e+03
6.5997414064e+02 2.7630209198e+02
-1.3648358722e+02 7.0756785422e+02
1.4135820941e+02 3.8233583032e+02
3.7301179891e+02 6.9509823474e+02
6.5127559811e+02 5.7378539582e+02
2.9007052071e+02 6.8486042253e+02
4.2934081285e+01 5.8169081506e+02
6.0478802710e+02 6.5151326621e+02
-1.8211273235e+02 2.0957417562e+00
3.3230541697e+02 4.9775898231e+02
1.7446888557e+02 5.0097892957e+02
2.7181748459e+02 7.7265472958e+02
1.0322094640e+02 6.1600879173e+02
6.5084193525e+02 2.1443258580e+02
1.4984327169e+02 -1.1111047472e+02
5.3647716844e+02 7.7761814456e+02
-3.8379360130e+02 4.6261535477e+02
3.3740759308e+02 4.9026107283e+02
-3.4746709571e+01 3.1001718101e+02
5.2464606632e+01 8.0437445699e+02
5.4163339383e+02 9.5151304164e+02
-3.7226329086e+02 3.7599025292e+02
6.1096303410e+02 6.2810392337e+02
3.3942180461e+02 2.3628343518e+02
-1.6450384821e+02 8.6744403448e+02
-7.5646932465e+00 8.7068692361e+02
1.4084781177e+02 4.7197654279e+02
2.3924576125e+02 6.6401283136e+02
8.0042711987e+02 1.8192142991e+02
3.0286805584e+02 8.0172151354e+02
-2.9282121684e+01 1.1801438381e+02
2.9178422771e+02 1.0139117371e+03
2.1541947047e+02 4.8526797732e+02
2.8796126963e+02 5.9573463026e+02
2.1286196216e+02 1.8367567413e+02
3.3476233565e+02 4.0230384227e+02
-1.1312548497e+02 1.1311700936e+02
1.8779110777e+02 4.2561363993e+02
7.3908372375e+02 -3.7838442350e+01
1.8579116863e+02 8.8189582798e+02
3.1852548982e+02 6.7297648982e+02
1.6162322067e+02 6.8999832495e+02
1.8153333439e+02 5.8267108866e+02
-4.9487621005e+00 4.4789849051e+02
2.8881234102e+02 4.2629823946e+02
2.8147751976e+02 5.0353389067e+02
5.8777351933e+02 2.8365250713e+02
2.3582802174e+02 3.8047618678e+02
-2.4979838794e+02 7.8390859224e+02
-5.1539589215e+01 5.7087798624e+02
4.1712412843e+02 -3.5657297843e+02
3.2166017104e+02 7.4393700216e+02
5.6119572880e+02 7.6859129867e+02
2.0678164626e+02 6.6783320260e+02
8.3123805100e+02 3.6085852473e+02
2.6573455488e+02 7.1895226075e+02
1.7387533522e+02 3.7810727328e+02
3.3774164219e+02 5.3317741644e+02
-1.0208771751e+02 2.3391989383e+02
-3.0426508403e+01 2.6105288909e+02
6.5812864146e+02 1.4387452628e+02
6.0714749234e+02 -5.4783729678e+01
2.1350225711e+02 1.0317611254e+03
-1.9067546580e+02 6.7261657296e+02
8.4619072350e+02 4.1252274833e+02
2.3038865049e+02 2.2401357299e+02
-1.6279469005e+02 8.3856334134e+00
-1.5138854066e+02 7.5384120970e+02
-5.2990192819e+01 6.2749970488e+02
-4.3284195720e-01 7.0255114729e+02
1.0168824082e+02 3.2218185457e+02
2.6925712326e+02 5.6499670474e+02
2.1723360946e+02 8.8119883439e+02
-2.3708995887e+01 2.4922358511e+02
-4.5277095927e+02 5.4489727194e+02
7.4981021164e+02 3.6670099372e+02
2.9251399284e+02 5.0076423113e+02
7.5836355960e+01 3.6473477718e+02
2.1273454643e+02 4.3997556777e+02
-1.3311102541e+01 4.3682099074e+02
1.4848848394e+02 1.5142125420e+02
1.9001582508e+02 5.0892972242e+02
-8.1559784805e+01 5.0192952519e+02
3.6784360636e+02 6.8056570565e+02
-7.7584929568e+01 -1.4802713836e+02
8.7088263689e+01 7.8788408440e+02
-5.4819886025e+02 7.1331470865e+02
4.8330185808e+02 3.9592950459e+02
3.9701580620e+02 -2.4042865597e+02
7.0415380919e+02 5.6461542776e+02
3.0191172505e+02 9.7271218061e+02
1.6337094313e+02 -3.0524643166e+01
6.0930682660e+02 9.4145183931e+02
-3.1639335733e+02 8.1675063030e+02
5.9111024555e+02 6.0189073616e+02
-1.4608521571e+01 7.7136545379e+02
-2.9572590037e+02 2.4781475106e+02
8.0527628704e+02 8.0848472275e+02
2.7810434518e+02 3.6310440820e+02
3.8384131612e+02 7.2878433234e+02
1.4732451287e+02 1.0400056370e+03
-4.5997635892e+01 1.4053205341e+02
-1.5793125227e+02 2.4445930775e+02
-2.7811957783e+02 3.9792630331e+02
-7.2404107180e+01 7.3638179931e+02
2.3755011968e+02 4.6346977010e+02
-3.2581856946e+01 3.3385393091e+02
3.6593738762e+02 -1.9095839252e+02
9.9179835562e+02 5.1621618256e+02
-9.1172005374e+01 1.7658548518e+02
2.9848501992e+02 9.2367941514e+02
3.7890762639e+02 6.9528849965e+02
4.3028912063e+02 3.3145927879e+02
-2.2078086789e+02 5.5188609349e+02
6.5783615972e+02 9.1662976604e+02
-1.9396834447e+02 1.3516688255e+03
2.9974721288e+02 6.1793207055e+02
2.4811655335e+02 1.1348680235e+02
1.4074664674e+02 4.9019315832e+02
-2.0326236467e+02 1.5419401691e+02
1.4515685502e+02 5.5193130574e+02
9.0294877941e+01 5.0845291260e+02
-1.0655965305e+02 9.5331820694e+02
-1.6862269323e+02 1.9337950632e+02
8.0694202946e+01 3.9163089824e+02
3.2771694261e+02 6.4852304008e+02
4.2824743520e+02 1.7470737306e+02
1.7106674216e+01 4.5272138731e+02
9.5041842976e+02 4.6936495213e+02
-5.2936531596e+02 8.9559937072e+02
5.7025609554e+02 5.2068032129e+02
1.8291668184e+02 -1.0485613676e+02
6.0443444248e+02 8.7707628852e+02
1.2560498096e+02 4.4390039441e+02
1.9147710353e+02 9.8304122720e+02
-1.5506630274e+01 1.8233693732e+02
4.3589087537e+02 2.8430398807e+02
4.9996302814e+02 5.3342004856e+02
-1.1745036425e+02 9.6030882320e+00
4.6459856333e+02 7.3651666104e+02
5.5519485215e+02 2.2394424651e+02
2.3007564014e+02 3.2451008741e+02
2.6300824584e+02 3.4030697512e+02
7.0969258657e+01 3.0741412374e+01
-2.6250696130e+02 3.6204924830e+02
4.0528365680e+02 1.3257809758e+01
-3.0566787703e+01 7.7282331984e+02
1.6807698372e+02 -1.5078854770e+02
-3.0534371372e+02 3.0536802219e+02
-1.3540802627e+02 7.0781454175e+02
-1.3408345268e+02 9.5392320278e+02
-1.3514830229e+02 6.8277968120e+02
1.9430291574e+02 2.8917867115e+02
6.1966885213e+02 9.8365678790e+01
1.5287819881e+01 6.2798351046e+02
2.2394572425e+02 9.6006836451e+01
4.2320954312e+02 9.6244425182e+01
1.9899770609e+02 6.3397187725e+02
3.3095379510e+01 3.3205345266e+02
-1.3323224871e+02 8.5538075620e+02
4.8456287685e+02 6.1169040973e+02
9.0891544941e+00 -1.0684496138e+01
1.6086025280e+02 8.6550398641e+02
4.0572695539e+02 3.0764274450e+02
4.0400472466e+02 4.3545984100e+02
2.8021300205e+02 4.5031962726e+02
2.9737047874e+02 3.1986816208e+02
1.4599918567e+02 5.6452184060e+02
-3.3723047047e+02 1.1446785834e+03
3.6178802399e+02 2.0479575078e+02
-1.9095665285e+01 4.3158780030e+02
3.5235510933e+02 6.3463625840e+02
-4.7007073032e+01 3.4094962206e+02
5.3903476122e+02 8.3140432834e+02
-3.8171572436e+02 5.5732320826e+02
2.5574407418e+02 7.0558831295e+02
6.8504944070e+02 3.0345328779e+02
1.6141919397e+02 6.6651527722e+02
2.1517792250e+02 2.4050181571e+02
-1.6687698713e+02 9.2545190390e+02
4.8829375606e+02 5.7563117408e+02
3.7943116123e+01 4.4809701177e+02
-4.3380383789e+02 -4.4521403374e+01
2.9082523098e+02 1.6556573604e+02
3.0819753361e+01 2.0434668096e+02
5.8315231177e+02 -1.6512569892e+01
6.0169567097e+02 2.1801379181e+02
3.6410260479e+02 5.3085357272e+02
5.6779280678e+01 9.3802195852e+02
-1.2216220436e+02 5.8441137269e+02
6.8768819269e+02 6.5265496856e+02
1.5051828174e+02 8.5598467015e+02
-1.0033622653e+02 4.5357831995e+02
-6.2832676482e+02 -3.6710532046e+02
4.9691526847e+02 2.9979872302e+02
3.6380730804e+02 6.9727311736e+02
-2.7756706327e+02 8.9382439600e+02
-4.6555279013e+01 1.3348030493e+02
-7.6440655681e+01 -2.4978228233e+02
3.1960769210e+02 1.0598714421e+03
6.0295913654e+01 3.8032449011e+02
3.2061196058e+02 6.1370954362e+02
2.6183221298e+02 8.1483289614e+02
-1.6500070270e+02 5.5504166861e+02
4.1043027135e+02 5.4353417311e+02
-2.0371035133e+02 8.0944648585e+02
6.1772932639e+02 3.1742519572e+02
-4.4753689903e+01 3.6375805957e+02
-5.3140052627e+02 1.4059264480e+02
5.9523517148e+02 5.6913715599e+02
-1.4225965970e+02 9.3716100087e+02
3.8600517660e+02 9.7456328467e+02
3.3812553246e+02 2.8533111296e+02
1.3092568093e+02 1.8753017782e+02
1.3224484152e+01 3.3303300507e+02
1.4177223771e+02 7.2878650929e+02
-1.2334430792e+02 2.0280954226e+02
9.8247357963e+01 7.5232685648e+02
-2.9076503691e+02 3.3067975413e+01
6.7487862876e+01 5.1247327887e+02
3.8523216542e+01 3.9988396145e+02
2.0123665917e+02 3.7826371810e+02
-1.2624562232e+02 8.5679408612e+02
4.1050864442e+02 4.6523440919e+02
6.4081970104e+01 3.9886528561e+02
-4.3645748764e+01 1.5460797558e+02
3.1263220162e+02 7.8614994508e+02
9.9127103761e+01 -1.3787387727e+01
-1.8097433294e+02 1.5594821902e+02
-4.3463494152e+01 2.5757129080e+02
1.5768532039e+02 1.1326513174e+03
-1.8415785060e+02 4.6087988510e+02
9.7308374284e+01 4.5576722304e+02
-1.3380894575e+01 6.4194482341e+02
2.1947851147e+02 5.5690312456e+02
7.9682606783e+02 6.0433925344e+02
2.3630168646e+02 2.2756748957e+02
1.3867279489e+01 6.1925308481e+02
-8.0672751921e+01 3.9992590167e+02
-4.0398575699e+02 8.4287661246e+02
5.8725184820e+02 4.4667749068e+02
2.1375686236e+02 6.6125576781e+02
3.6914134679e+02 4.9936091342e+01
-5.5208040009e+01 -4.1068449140e+00
2.0749662565e+02 4.6494501097e+02
2.3473515139e+02 4.7670860972e+02
2.9860359636e+02 7.8384874192e+02
-4.7127171448e+02 9.0792766503e+02
3.6782393541e+02 8.0658263440e+02
6.0535027441e+02 9.7085535707e+01
-4.3336399713e+02 6.1856603297e+02
2.4184470618e+02 7.2325831106e+01
4.3955881138e+02 2.8421509448e+02
2.8338228289e+02 9.1370800178e+01
-6.1911199678e+01 4.8781701733e+02
1.2149900132e+02 -1.8364694933e+01
5.8722102306e+02 7.7138181429e+02
3.7737578361e+01 1.0414065670e+03
2.3098470566e+02 1.0877488402e+03
5.0993741766e+01 3.7700396645e+02
-1.8704598850e+02 4.4311994075e+02
-1.6261448599e+02 7.4197036578e+02
4.9502808904e+02 4.8925714115e+02
2.2323952924e+01 6.2192836795e+02
2.1142714312e+02 3.7189606656e+02
-3.6628379220e+01 9.2857829417e+02
6.7820067497e+02 7.1662393142e+02
4.3511223889e+02 9.3985453758e+02
3.0520586455e+02 7.6384394414e+02
4.5921395516e+02 3.3706882638e+02
7.2735766683e+02 9.1562552130e+01
1.4787700923e+02 9.0290140560e+02
9.5097442827e+01 -4.2320172968e+01
1.9693334852e+02 8.2438599139e+02
-1.7139521058e+02 5.7977516239e+02
-3.2804397977e+02 -2.3655577011e+02
6.6625993012e+02 4.9037671009e+02
2.8545675105e+02 9.8428414219e+02
1.6379068665e+02 4.4641475895e+02
2.5502334027e+02 1.1159993575e+03
3.4302260324e+02 9.9646744506e+02
1.5976786724e+02 6.0182245516e+02
6.3748863620e+02 5.9927259208e+02
2.2010877088e+02 2.7051540035e+02
5.2908839643e+02 1.1800732843e+03
4.5499848957e+01 4.7822549506e+02
1.3697192878e+02 7.1288691191e+02
5.0638195197e+02 3.9123112839e+02
6.5476881690e+02 2.0291092214e+01
5.3550108255e+01 1.1948257005e+03
2.0408181500e+01 1.2483356364e+03
6.3227876505e+02 4.3154257616e+02
4.2016099199e+00 2.6597469070e+02
7.2684544509e+02 5.5574660148e+02
1.8264282659e+02 9.1772058628e+02
4.5941823972e+02 2.4034922710e+02
-4.8241753891e+00 6.0302580660e+02
5.8986347762e+02 2.1337921365e+02
2.6082574596e+02 8.1514965876e+02
-3.6136603525e+02 1.0045365760e+03
-2.9451310502e+02 3.6444421725e+02
7.3084531866e+02 3.8379787844e+02
-6.0697644374e+01 9.9167222895e+02
2.6253887150e+02 6.7507110505e+02
6.9450176083e+02 3.6864491265e+02
7.6625953428e+01 6.6271376195e+02
2.2410612107e+02 3.4159300978e+02
-1.9798039060e+01 4.0663114582e+02
-1.7770403395e+02 6.6369106878e+02
3.8991678815e+02 6.7373136267e+02
5.0254977881e+02 5.4104942215e+02
3.0838846271e+02 9.6098487750e+02
3.7639524349e+02 6.4620651092e+02
-1.7456517370e+02 9.1585082416e+02
8.6830018899e+01 3.0847922401e+02
1.0144443136e+03 3.5225097543e+02
-7.2400598680e+01 2.1848086003e+02
5.3621548960e+02 2.6097181505e+02
3.7119639780e+02 6.8633307198e+02
2.0364726753e+01 7.5752926790e+02
5.2638124796e+02 7.3158483117e+02
1.1545792034e+02 3.9154947014e+02
-1.1890981593e+02 1.8366451184e+02
3.8781573309e+02 4.2900525211e+02
4.7489853287e+02 8.1251979184e+02
2.7273451183e+02 5.0970378669e+02
-1.5694318513e+02 8.4307525224e+02
4.0969385954e+02 9.7664943964e+02
1.6631132377e+02 6.1125742633e+02
1.8217754212e+02 1.4678972147e+01
2.0719489928e+02 2.9683874701e+01
2.6150246393e+02 2.3335723014e+02
6.0931167772e+00 2.3770285419e+02
-1.8581312466e+02 7.0655579882e+02
1.4652670766e+01 1.1547084794e+03
2.8938247515e+02 4.1181193596e+02
8.7961410819e+02 8.4558449962e+02
1.6521248217e+02 3.6378727934e+02
3.9580721065e+02 6.5290467488e+02
8.2751556455e+02 5.2395960588e+02
2.8877917989e+02 6.9365719835e+02
-1.1745336543e+02 7.7050814005e+02
-8.4897146909e+02 8.6524642641e+02
-1.5664636459e+02 4.7326194171e+02
5.8879516751e+02 2.9312548902e+02
1.7285810450e+02 8.1288162352e+02
-1.6337137294e+02 8.0210864509e+02
-3.7421936920e+01 6.0499484466e+02
7.3889616290e+01 3.9643409397e+02
5.4893238342e+02 4.0320225938e+02
4.1844608899e+02 4.5892006759e+02
2.1476456225e+02 7.3935376952e+02
1.1655541993e+02 5.5924327685e+02
-1.7222972361e+02 3.2362263499e+02
5.1896666920e+02 2.7585574293e+02
4.0799345654e+02 2.2677899077e+02
5.9235459213e+02 5.9138474592e+02
3.2764113775e+02 -3.5844537784e+01
5.5641432429e+02 6.8778538005e+02
2.0863309279e+02 7.9155252769e+02
-5.0603714891e+00 3.8303115259e+02
5.0087404445e+02 2.5990843381e+02
2.5351386100e+02 2.1020894625e+02
1.8755715621e+02 1.4962158801e+02
1.6683429640e+01 1.0884516682e+03
3.6480023161e+02 6.5011983528e+02
3.7974944529e+02 1.0485016229e+02
4.9936351422e+02 3.1690062219e+02
5.4185105621e+02 1.5514637607e+02
5.1250960183e+02 7.0906539444e+02
2.9457152657e+02 9.6620541650e+02
2.2632257058e+02 -1.4781665862e+02
-9.9125190894e+01 6.6333117018e+02
2.6969539120e+02 6.9165041056e+02
-3.6539661519e+01 1.0439853013e+01
-2.7350564117e+02 6.2833528040e+02
9.0813504099e+02 9.0926387911e+02
4.9132113539e+02 9.0636298610e+02
1.1344194130e+02 1.7413304006e+02
1.3061821500e+02 -4.7976591845e+01
7.1244835743e+02 5.0860464067e+02
6.3062338682e+02 8.4150716460e+02
3.9199721930e+02 2.3249144538e+02
1.0186473516e+02 6.2563535219e+02
-1.2659814880e+02 9.5431582147e+01
1.4284169089e+02 6.7417951985e+02
7.2018266486e+02 8.9366812744e+02
3.3695172622e+02 5.2378829862e+02
-3.4406314578e+01 6.4712628528e+02
2.9168499748e+02 5.9381512746e+02
-4.9785546822e+01 4.8560334227e+02
5.2491535843e+01 3.7444153460e+02
-7.8183878818e+02 8.4007795693e+02
8.2193554439e+02 3.3110931465e+02
5.3607477030e+02 1.6490381709e+02
4.5418006628e+02 5.9748223253e+02
1.9057341104e+02 5.5587152793e+02
-3.1881754066e+02 4.0771055593e+02
2.4294111579e+02 5.3253300387e+02
2.9896770057e+02 6.8973579974e+02
4.9092404182e+02 3.1907957576e+02
2.2288737278e+02 8.4600934045e+02
2.5427392018e+02 6.5244875115e+02
3.1488473808e+02 1.4380466654e+02
-8.7988826607e+01 2.4793704718e+02
4.4400528440e+02 5.6326919375e+02
1.3981240674e+01 9.1725445568e+02
-6.8069569244e+01 6.9531653318e+02
3.6087700252e+02 8.2546035446e+02
4.0113321318e+02 5.8665636805e+02
3.9481864771e+02 6.2178554668e+02
2.1973422933e+02 4.4099564148e+01
-1.1463163197e+02 6.1795040658e+02
2.4758057109e+02 8.9168843981e+02
2.0601511298e+02 7.9951615452e+02
3.9617835789e+02 3.8404009600e+02
4.3476416485e+02 1.4435296832e+03
2.9132280260e+02 6.8235127135e+02
-1.0322856876e+02 6.2307664792e+02
-1.2983792351e+02 6.0049025118e+02
5.1856561421e+02 2.9214244049e+02
3.3944721208e+02 9.2559135749e+02
4.6248080972e+02 3.2983198421e+02
2.8013117297e+02 1.3152521251e+03
1.7385413151e+02 4.2755340534e+02
-1.8822646989e+02 5.2166852963e+02
-5.8514177289e+01 5.4996052155e+02
3.2373697866e+01 6.9659061873e+01
7.5876202007e+02 4.9710686413e+02
1.5740707931e+02 5.6620544040e+02
7.9114123816e+02 7.9264912782e+02
-4.2407258170e+02 4.1462084640e+02
1.8871411677e+02 9.4168060964e+02
-3.8548866926e+00 7.3761766961e+02
-2.0778336436e+02 1.6258694286e+02
4.6178228009e+02 5.2007318311e+02
1.3193661576e+02 7.9400321423e+02
-9.6666697702e+01 1.4432278961e+02
4.0310410117e+02 1.0094398467e+03
3.8709347670e+02 4.3264931558e+02
1.5658873125e+02 3.6356341165e+02
1.4139515772e+01 4.5808141838e+02
6.0406127976e+02 9.9503399542e+01
5.3621598091e+02 4.3848097711e+02
9.0368320259e+01 3.3749674790e+02
2.0451660956e+02 6.8933365659e+02
-1.3449380756e+02 4.4901590920e+02
-3.3943224955e+01 6.3814486786e+02
1.5073655282e+02 7.1320998281e+02
-4.8280505937e+02 6.4337146191e+02
-2.7137295194e+01 6.9376821085e+02
6.2949530399e+02 -1.3643693514e+02
2.0356256033e+02 8.9199244629e+02
5.8600761498e+02 6.3184238428e+02
4.3442277263e+00 5.7990709382e+02
2.7183385904e+02 3.8425660991e+02
-1.0610562864e+02 -5.0271994832e+01
-5.9278895206e+01 6.8831898853e+01
5.0154024019e+02 7.8540218319e+02
-1.5259630408e+02 2.4184858938e+02
1.8303456097e+02 -2.1697298056e+02
-7.4752038106e+00 3.3384032346e+02
6.2041739968e+01 3.8413492956e+02
5.4206927707e+02 6.4141925295e+02
2.1677176082e+02 -2.6389400934e+01
7.5027720683e+02 5.0371591010e+02
6.8552057837e+02 5.9561986006e+02
5.5144671794e+02 2.0065234186e+02
-3.9997760475e+01 2.7292303004e+02
2.9077479553e+02 5.7132080970e+02
4.6718164851e+02 1.0004489464e+03
6.9039775850e+02 1.8067742850e+02
9.6762604887e+01 7.9970582078e+02
1.6478525158e+02 3.5557626871e+02
-1.2058145068e+01 5.4511644037e+02
2.2004262090e+02 5.9436567391e+02
-1.9913174832e+02 7.2611427821e+02
6.6868223248e+02 6.3497634197e+02
1.8973017953e+02 8.9424340058e+02
6.6968161188e+02 1.5740242620e+02
-1.4168205207e+01 4.3354458845e+02
2.9893963585e+02 1.3205081194e+03
6.1416616261e+02 -3.6064096739e+01
-1.2903301517e+02 6.0602213453e+02
-7.1482515570e+02 2.1479650550e+03
-4.8353902479e+02 2.3068427432e+03
-2.0227755350e+02 1.3748540264e+03
-1.7116283522e+02 1.9241441974e+03
3.9185839244e+01 1.8121598668e+03
-3.4689647686e+02 1.8999960002e+03
-2.5310970473e+02 1.7677451065e+03
-1.2116069167e+02 2.3024494025e+03
-3.9539116477e+02 2.2114289825e+03
-1.6621044294e+02 1.9952605466e+03
-2.7906495636e+02 1.9406799057e+03
6.4284633169e+01 2.1858566454e+03
-8.0375877601e+01 1.8876928958e+03
2.8119050421e+02 2.4203209277e+03
-1.0832522554e+02 1.8131391004e+03
-4.8804290181e+02 2.4217249030e+03
2.0367444396e+02 2.3238802588e+03
-7.7300186702e+01 1.5734887601e+03
-3.3748646266e+02 1.8644075811e+03
-3.2559592307e+02 1.5073891247e+03
-2.7005763707e+02 2.0332778036e+03
-2.7539868625e+01 2.0601866135e+03
-2.3610735398e+02 2.3151836376e+03
-1.8714547922e+02 1.9452270503e+03
-4.6753805145e+02 1.8741485745e+03
-2.4004376102e+02 2.1142989050e+03
-6.4671512007e+01 2.1363223870e+03
-4.5467720090e+02 1.9087114480e+03
-3.1843514087e+02 2.2538105530e+03
-2.8294884822e+02 2.2907685930e+03
-4.2375421338e+02 2.0191046768e+03
-9.5672161210e+01 1.9397875772e+03
-1.5748927251e+02 1.8764472352e+03
3.6497253061e+02 2.1224064799e+03
3.7941934710e+01 1.8571194027e+03
-3.3336619183e+02 2.5595600013e+03
-5.0008132803e+02 2.2906207206e+03
-2.0175817849e+02 1.8255471352e+03
-3.0188239923e+02 2.0250781343e+03
-4.1734253362e+02 1.6445232591e+03
-8.6766799622e+00 1.7321032469e+03
-2.9410237804e+02 1.9405248234e+03
-4.1046831425e+02 2.3339540535e+03
-6.0344792506e+02 2.4385307727e+03
-4.4956753000e+02 2.5816310999e+03
-2.4108853117e+02 2.0238461038e+03
-3.7730267818e+02 1.9093883032e+03
-5.3197691315e+02 1.9238243107e+03
-1.7487015247e+02 1.4371088643e+03
-1.0509824329e+02 2.2094229108e+03
-2.1616691504e+02 2.1968580792e+03
-8.2070144615e+02 2.1820233611e+03
-3.4510260761e+02 2.2314363536e+03
-1.4899333951e+02 2.3047062982e+03
-7.5548374452e+02 2.4270891560e+03
-6.8620469620e+02 2.5442970543e+03
-3.6262067926e+02 2.0186681775e+03
-3.0087146182e+02 1.6125051724e+03
-7.8729529232e+01 2.2221687412e+03
-1.4409900696e+02 1.8143574230e+03
-5.7134292271e+02 2.0344295803e+03
2.6027657198e+01 1.9543337313e+03
-2.8360606963e+02 2.3173202784e+03
-1.9418839653e+02 2.0766012601e+03
-5.0783348512e+02 1.8615241849e+03
-3.7406442762e+02 1.9033860788e+03
-4.7150039665e+02 1.7817372876e+03
-1.9557465342e+02 2.5215856414e+03
-5.7593095196e+02 2.0906094206e+03
-5.7788595106e+02 1.9752227388e+03
-1.5398515127e+02 2.2196896114e+03
-5.2329210591e+01 2.0396459913e+03
1.4813276082e+01 2.3561699799e+03
-2.7788230753e+01 2.1563838887e+03
-3.2881110877e+01 1.8973279959e+03
-6.8182142451e+01 2.0156073326e+03
1.1472247825e+02 1.7851388148e+03
-1.4224375390e+02 1.7221773869e+03
-1.8787086737e+02 2.0836887387e+03
-3.0836583392e+02 1.0691556846e+03
-3.4418180456e+02 2.4321738590e+03
-8.5372677233e+01 2.1982773799e+03
-2.5461922209e+02 2.2926378012e+03
-5.9927641024e+02 1.9257917506e+03
-6.1992841038e+02 1.5515704199e+03
-8.0448770340e+02 2.4026610165e+03
-4.1065532279e+02 2.0550607507e+03
-3.0682934844e+02 1.9908449635e+03
-1.4425994742e+02 1.6607267473e+03
-1.6131505226e+02 1.3782208899e+03
-7.1474058397e+02 1.9101867431e+03
-4.8689473607e+02 2.3133677707e+03
-3.8771385909e+02 1.3610088257e+03
-5.2293025667e+02 2.3332834979e+03
-4.8741040060e+02 2.0924018505e+03
-1.8813068236e+01 1.9983203650e+03
-3.0920863289e+02 2.3339744521e+03
-3.9501514704e+01 1.4722746723e+03
1.2733848832e+02 1.6590765576e+03
-1.6939698673e+02 1.9328596308e+03
-2.3602975940e+02 2.3048533251e+03
-6.7158057461e+02 2.2059060237e+03
-2.9121006428e+02 1.7246350362e+03
-8.1859987856e+02 2.4560264836e+03
2.2539784322e+02 1.8543423085e+03
-4.5751186766e+02 1.7519317644e+03
1.5391250585e+01 2.0217719861e+03
-4.6136487557e+02 2.4359378643e+03
-5.2285962727e+02 1.5237059360e+03
-3.0789966198e+02 2.0041280113e+03
-5.2835665958e+02 1.9892003908e+03
-3.3803201528e+02 1.5376829069e+03
-5.2497826254e+02 1.7008355609e+03
-3.1828041516e+02 1.6294951939e+03
-1.2136765092e+02 2.0910752481e+03
-9.1635756908e+01 2.1970270439e+03
-4.9597803659e+02 2.7206352349e+03
-3.4652616213e+02 1.9552963711e+03
-5.8792030703e+02 2.0012750464e+03
-1.3406087329e+02 2.4802595676e+03
7.2161643821e+01 2.0425711519e+03
-6.2191133160e+00 1.9981999895e+03
-2.2015050947e+02 1.9672731815e+03
-7.3715824633e+02 1.7388334643e+03
1.1597720608e+02 1.9324660048e+03
7.7463312747e+01 2.1337888323e+03
-9.9103556751e+01 2.0236517433e+03
2.5034973151e+02 1.2453031895e+03
-2.3656073546e+02 1.2568422680e+03
-6.3522207254e+02 1.7888055874e+03
-3.8021110416e+02 1.7559451222e+03
6.3340794532e+01 2.2195286143e+03
-2.2099297802e+02 1.9499412915e+03
-6.5631097421e+02 2.0439814652e+03
-5.4466098992e+02 2.1866986167e+03
-4.6203630941e+02 1.8606286932e+03
1.6749756586e+02 1.9054287507e+03
-4.9965636625e+02 2.3382270091e+03
-2.2860367411e+02 2.4318738742e+03
-4.4274533145e+02 2.3353075785e+03
-1.0925424693e+02 2.1077935444e+03
8.4029627707e+00 2.0421450337e+03
8.0409638068e+01 2.6070780653e+03
-3.5801410172e+02 1.8491346744e+03
-2.3068816999e+02 1.5779198100e+03
2.9903857011e+02 2.0668536051e+03
-4.1315685676e+02 2.0530282401e+03
-6.2663020397e+02 1.9794873079e+03
1.1421701392e+02 2.5649153552e+03
-6.4907036047e+02 1.5783609584e+03
-3.0694552176e+02 2.2374130816e+03
-6.1704690221e+00 1.9157908853e+03
-1.5187329001e+02 2.5507693436e+03
-3.8769184529e+02 1.9871239264e+03
4.7268081041e+01 2.0720205754e+03
-3.6021379413e+02 2.6031692312e+03
5.5014714447e+02 2.0343942166e+03
-1.5941522183e+02 1.8192534661e+03
-1.0464176762e+02 1.6692687034e+03
-9.3926093303e+01 1.7887174460e+03
-4.3552392367e+02 1.8620396556e+03
1.9853912982e+02 2.1339713801e+03
-1.8908638760e+02 2.2784889446e+03
-5.6240857720e+02 1.7855653694e+03
-2.9685544453e+02 2.3720337385e+03
-4.9662173678e+02 1.6509671399e+03
-7.0901153404e+01 2.3738581978e+03
-3.2816308177e+02 1.8840125884e+03
-3.3470862750e+02 1.7670818183e+03
-7.8429952779e+02 1.9218497824e+03
-3.7961845003e+02 2.1542424080e+03
7.5498502838e+01 2.4528577221e+03
-1.4619902344e+02 2.5218032245e+03
-1.8565280239e+02 1.7571232539e+03
-2.1251957024e+02 1.5356318512e+03
-4.2513719702e+02 2.0174100019e+03
-3.3424634198e+02 1.8462728582e+03
-2.4566155337e+02 1.8348913379e+03
-2.1979875193e+02 1.8697548515e+03
-5.5985386402e+02 2.2689376068e+03
-3.3283977225e+02 2.0979685232e+03
-5.2222591795e+02 2.4774986551e+03
-5.1721493038e+02 1.9203576187e+03
-4.4246247271e+02 2.3194746140e+03
-6.3647635680e+02 2.2568937021e+03
4.1409241657e+01 1.9918639598e+03
-4.6121860627e+02 1.9814123533e+03
-4.5987654162e+02 2.5232256498e+03
3.9689437296e+01 1.6822347933e+03
-4.8536896854e+02 2.0631283541e+03
-3.2542538381e+02 2.3259930097e+03
-5.2738858848e+02 1.8886728020e+03
-1.6952901323e+02 2.1186951862e+03
-4.6253256387e+02 2.0449985362e+03
-3.5026309822e+02 1.7389843066e+03
-2.4296400966e+02 2.4578093642e+03
-5.2184115499e+02 2.1894774590e+03
-4.2443987329e+02 2.1281243048e+03
-4.4211405522e+02 2.1577648865e+03
-4.1043149699e+02 1.4307757911e+03
-2.5532412709e+02 1.9697218195e+03
-2.8336603960e+02 2.4314735322e+03
-4.6792611585e+02 2.4171822199e+03
-6.1445194833e+02 1.6924992932e+03
-2.7337157423e+01 1.7730450957e+03
-4.4844709393e+02 2.1415442815e+03
-2.4560118048e+02 1.8623167259e+03
-2.5825241315e+02 2.2824165978e+03
-6.0840513515e+02 2.5595437965e+03
-5.0726389651e+02 2.0378393433e+03
-1.4896139304e+02 2.0742542812e+03
-5.6462086869e+02 2.0035361028e+03
-6.1759379340e+01 1.8104746712e+03
-8.5068877399e+02 1.5678571368e+03
-8.0098654331e+02 2.0373021179e+03
-4.4259555704e+02 2.0319713838e+03
-3.7372749522e+02 1.7389200060e+03
-3.0379136901e+02 1.7670222131e+03
-8.0026254623e+02 2.2482888745e+03
-5.1337966167e+02 1.9857486940e+03
1.3438461065e+02 1.8057603694e+03
-2.9811173363e+02 2.0078795743e+03
-1.5898037819e+02 2.0842651950e+03
-8.8934845850e+02 2.0855984643e+03
-6.7341918640e+02 1.6560422427e+03
-8.1358074083e+02 2.0365361156e+03
-5.2822742523e+02 1.5852515205e+03
-5.2652695287e+02 1.9748706497e+03
-6.5784020291e+02 2.1488136895e+03
-3.8419613998e+02 2.2798412260e+03
-5.6431606245e+02 1.7361754845e+03
-6.2808126902e+02 1.3877451084e+03
-2.4487095858e+02 1.9415692000e+03
-2.7418526098e+02 2.1723003371e+03
-5.7872959514e+02 1.7299238021e+03
-7.7559817955e+02 2.0572153041e+03
-3.0604345566e+02 1.6874693345e+03
1.8635832148e+02 2.1404607317e+03
1.3557108377e+02 2.5841324380e+03
-5.6442075298e+02 1.3890699101e+03
1.7661080803e+02 1.5118522671e+03
-3.1188621821e+02 2.3015894505e+03
4.1471188689e+02 1.7948775454e+03
-1.7840965025e+02 2.0304166788e+03
-4.2699656364e+02 1.6223442413e+03
6.8389167327e+01 2.1331307025e+03
-6.8585501615e+02 2.1894514221e+03
-2.9306590742e+02 2.3909882247e+03
-3.0104134360e+02 2.3829456184e+03
-2.0077339156e+02 1.8914848386e+03
-3.1999595224e+02 1.6764094598e+03
-1.0082437366e+03 2.4131936204e+03
-3.1910739780e+02 2.0282779629e+03
-5.5867679828e+02 1.8946437224e+03
3.3685224199e+02 2.2244845105e+03
-2.5498635864e+02 1.9086773329e+03
-6.9839950635e+02 1.8850492316e+03
-2.4731574794e+02 1.8430674662e+03
6.2409454459e+01 2.2425037286e+03
-2.5166114593e+02 2.0078982323e+03
-3.1962403192e+02 2.0120067941e+03
3.5667120619e+01 1.7613855245e+03
-4.4250519240e+02 1.7634085659e+03
-4.6872860060e+02 2.1373597275e+03
-9.7681959312e+01 1.6138035037e+03
-5.6634524660e+02 2.3735476195e+03
-2.7979070513e+02 1.9695388325e+03
-3.0270659588e+02 1.8739839002e+03
-5.4862290754e+02 2.3954313830e+03
-1.7948322572e+02 2.2561762261e+03
-7.4645254171e+02 2.0679300547e+03
-3.7627476735e+02 2.0820790077e+03
-3.8471025094e+02 2.1772998226e+03
1.0262549700e+02 2.1074240596e+03
-3.6954810628e+02 1.6552029954e+03
-1.4933847792e+02 1.8049824742e+03
-1.6085702139e+02 2.0891631945e+03
-3.8599807728e+02 2.5267676763e+03
-5.7632938403e+01 1.8273611279e+03
-2.3254843737e+02 2.4388329538e+03
1.4745574714e+02 1.5309040213e+03
-3.2902477781e+01 2.1206720229e+03
-2.1830832036e+02 1.4336170022e+03
-7.7375171824e+02 2.2244513772e+03
-4.2876975091e+02 1.7542387549e+03
-5.1581253451e+02 1.5571283232e+03
-5.6812934452e+02 2.3077473503e+03
-3.3528686768e+02 2.2661052656e+03
-7.7814174981e+02 2.4844102138e+03
-9.3437443441e+01 1.8345565680e+03
2.1080978176e+02 2.3445012402e+03
-4.9707746943e+02 1.9073154104e+03
-2.8268277096e+02 1.3881112306e+03
4.6810923479e+02 1.6888956538e+03
-1.5511695182e+01 1.7389033627e+03
-7.9195245534e+01 1.8044637708e+03
2.7863628821e+02 2.0589740606e+03
-7.7714993881e+02 1.8906898594e+03
-1.6716270940e+02 1.8689996304e+03
-1.1720981075e+03 1.9194628136e+03
-4.4241857179e+02 1.5490387518e+03
-2.7130726838e+02 1.5745654542e+03
-7.4151909173e+02 1.6335621208e+03
-1.0358074002e+03 2.0968308908e+03
-7.6445141649e+02 1.9129289218e+03
-1.9935408350e+02 1.9230053042e+03
-3.5284853100e+02 1.8160057750e+03
1.0725147397e+02 2.6871256016e+03
-9.4751511704e+01 2.1409149929e+03
-7.3218736414e+02 2.2489795306e+03
-3.5430753901e+02 1.9669039411e+03
-8.5778192315e+02 2.3806009391e+03
-4.1870342926e+02 2.0255821048e+03
-1.1057180275e+02 1.6206530170e+03
-4.2601719705e+02 2.0095285267e+03
-5.0295923803e+02 2.3430068677e+03
-2.0153395752e+02 1.7540048884e+03
-2.1752445250e+02 1.9316931039e+03
1.9805369854e+02 1.8397030718e+03
-4.4720782313e+02 1.9406211469e+03
-1.3688886662e+02 2.0570093845e+03
1.3261989760e+02 1.5628143090e+03
-4.8529847705e+02 2.3028236363e+03
-6.5568003378e+02 1.9442202224e+03
-5.6808677496e+02 1.8602079651e+03
-4.9842191483e+02 2.4665630637e+03
-5.9696073863e+02 1.9020564167e+03
-3.3874166463e+02 1.9792207662e+03
-1.0406487187e+02 2.2409942879e+03
-6.5870403904e+02 2.0340890536e+03
-3.1327251204e+02 1.9372562262e+03
-4.8073522757e+02 1.8460896110e+03
-4.5430014320e+02 1.7913043401e+03
-4.2335521748e+02 1.8352422098e+03
3.2133490119e+01 1.6803662972e+03
-1.0301082467e+02 2.1738563463e+03
-6.4369551659e+02 1.6825526295e+03
1.9369159254e+01 2.2578412199e+03
9.7442366072e+01 1.9025653169e+03
-1.1009658405e+02 1.5698698814e+03
-3.9440139521e+02 1.9483988630e+03
-7.5994625172e+02 2.1461805390e+03
-5.3296338121e+02 1.4704753198e+03
-2.9040832103e+02 1.5542756005e+03
-7.2935599442e+02 2.6658948000e+03
-4.2452268627e+02 2.6134784187e+03
-5.2517365157e+02 2.0143755029e+03
-7.1603631942e+02 2.0365902084e+03
-2.8226645590e+01 2.4423422793e+03
-1.2493161835e+01 2.4621318589e+03
6.3278807595e+01 2.4531151191e+03
-1.1690072808e+02 1.4109128649e+03
-4.2063177500e+02 2.1642998536e+03
-5.9260456707e+02 2.1427721310e+03
-2.6079876852e+02 1.7288116497e+03
-8.3405960202e+01 2.2045548367e+03
-4.4421045479e+02 1.7213385141e+03
-5.1616330452e+02 1.9892400458e+03
3.1216559355e+01 1.8955630620e+03
-5.4819952383e+02 1.6031463141e+03
-4.7988402277e+02 1.9662757327e+03
-4.5105081206e+02 1.8989113826e+03
-1.2807770056e+02 2.0428219568e+03
-5.0622610132e+01 1.9668907003e+03
-6.6216990953e+02 2.4064164175e+03
-2.7344088607e+02 2.0930294560e+03
-3.4311179879e+01 2.4940663671e+03
1.3088263630e+02 1.5110724574e+03
-3.0783033873e+02 2.0654516092e+03
2.9114408069e+02 1.9519707853e+03
-5.5017025139e+02 2.0070936164e+03
-3.7558964178e+02 1.5630195167e+03
-2.8309237898e+02 1.6943979470e+03
-1.5952330841e+02 1.5565349914e+03
-4.3155472472e+02 2.4382932319e+03
-1.7424302668e+02 2.2647683042e+03
-3.4700413038e+02 2.3538781830e+03
5.4205064245e+01 2.2377057551e+03
1.4485013634e+02 1.5800201897e+03
3.5121065106e+02 1.9343752390e+03
-6.8784670030e+02 2.3716613756e+03
-1.9470961180e+02 1.6918114603e+03
-3.1693047753e+02 2.0484250517e+03
-6.8989349042e+02 2.0581497604e+03
-5.5325501046e+02 2.3463711331e+03
-2.7079205998e+02 2.2292984755e+03
-3.9484579728e+02 2.2724235991e+03
-2.0093020347e+02 2.2382713436e+03
-7.2293860889e+02 2.8235718285e+03
-5.8072056246e+02 2.5366970549e+03
-2.4211372821e+02 1.6090614897e+03
-4.6183490165e+01 2.4415793612e+03
-4.0453788708e+02 2.2273187729e+03
-1.3382942679e+02 2.5599876646e+03
-1.1096590134e+02 2.2047475339e+03
-1.9670789040e+02 1.5303849219e+03
-1.3516047304e+02 1.8949389790e+03
-2.0110019107e+02 2.0851247117e+03
-2.5885373133e+02 2.0667971326e+03
-2.1285080978e+02 1.7184637069e+03
-1.0178677653e+02 1.9750067290e+03
-6.2453848381e+02 2.4091369708e+03
-4.5576859715e+02 2.1631795612e+03
-9.2808223545e+01 2.4359024085e+03
-4.7018053671e+02 1.4459243902e+03
-1.6643522058e+02 2.0326381013e+03
-3.2844007579e+01 2.0705625386e+03
-8.9222781979e+01 2.5225193444e+03
-4.3808569256e+02 1.8666609271e+03
-9.8952510557e+00 2.4830750462e+03
-2.3907362053e+02 2.2724875219e+03
-5.3362829577e+02 1.9655953455e+03
5.5294455489e+01 2.1880256968e+03
-5.4920162569e+02 2.0524516881e+03
-2.8083915776e+02 1.7171493794e+03
6.8078603771e+01 1.5133564698e+03
-8.2546168852e+02 1.9541936673e+03
-1.2814689492e+02 2.2589595620e+03
2.8897674189e+01 2.3068336127e+03
1.2946379117e+02 1.7384015157e+03
-3.6987824453e+02 2.0337735220e+03
-3.3928615419e+02 2.0789764506e+03
-9.9628297207e+01 1.9283656459e+03
-4.0865418014e+02 2.4411109926e+03
-2.3882521062e+02 2.1257588030e+03
-4.0899286723e+02 1.8276967932e+03
-4.4570143020e+02 2.3759594111e+03
-5.4968747438e+02 1.7713083348e+03
-4.6035641031e+02 2.0272104057e+03
-5.9688983027e+01 2.3800904139e+03
-9.9553198123e+02 2.0867025301e+03
-5.5495671578e+01 2.3518146040e+03
-2.4181256985e+02 1.5328807118e+03
-6.3319844242e+02 1.9215359101e+03
-2.8896229301e+02 2.2398630813e+03
-2.4639522194e+02 2.0403981314e+03
-3.1577686831e+02 2.1572535891e+03
1.2879601826e+02 1.7303430473e+03
-4.9868729739e+02 2.3297651398e+03
-9.2479578958e+02 1.8689805349e+03
-5.6795467433e+01 1.8227958126e+03
3.2348746414e+01 1.7474739808e+03
-3.4707001246e+02 2.4559854246e+03
-1.6713489192e+02 2.1922002138e+03
-6.9837003594e+01 1.8386506086e+03
2.1838403313e+02 2.0654543272e+03
-3.3642793239e+02 2.6174623647e+03
-2.6394026219e+02 1.8977020246e+03
-6.3634976819e+02 1.9773502115e+03
-4.2553263479e+02 2.0243823571e+03
-2.8771575885e+02 2.0250222468e+03
2.0786896148e+02 1.9205667651e+03
-2.6712501001e+02 2.1462604325e+03
-8.7233999927e+02 2.3025229136e+03
-9.9928095040e+02 2.2708926058e+03
-5.3571724304e+02 2.0690336270e+03
-3.0717647337e+02 2.0538900257e+03
-4.7537492670e+02 1.9972142809e+03
-5.2539670381e+02 1.7037744465e+03
2.9309309933e+02 2.3160175849e+03
-3.1464900540e+02 1.9236219592e+03
-3.2770487931e+02 1.6921176019e+03
-4.9780412542e+02 1.7229851320e+03
-7.7201172908e+02 1.8732195244e+03
-1.8437501788e+02 1.9484371520e+03
-3.7506300024e+02 2.5460643627e+03
-4.1051460252e+02 2.2003183986e+03
-2.7600862894e+02 2.3421780659e+03
-1.0444952535e+03 1.8815060623e+03
1.6706397794e+02 2.0824761771e+03
-3.0010831814e+02 2.2833234406e+03
-1.5746003285e+02 2.1744628020e+03
-3.1486056940e+02 1.8631595188e+03
3.1992979838e+02 1.9313073209e+03
-3.0875382830e+02 2.1698828103e+03
-4.2453793239e+02 2.3637389170e+03
-3.1414217818e+02 1.8526024952e+03
1.5487385104e+02 2.1244835967e+03
-1.7090054621e+02 2.0913613815e+03
-6.4056995700e+02 2.6220896844e+03
-7.1883074331e+02 1.9709942470e+03
-7.7085046752e+01 2.2176520893e+03
-2.5874335760e+02 2.2965596036e+03
1.9422271244e+02 1.8391410319e+03
2.2130853351e+02 2.2806157528e+03
-2.4017679017e+02 1.8565985297e+03
1.5883592130e+02 2.3210879797e+03
-5.6666124520e+02 2.1807387894e+03
-1.8645572889e+02 1.5403922969e+03
-3.6745392086e-01 2.2350903876e+03
-2.0717546420e+02 1.9383833677e+03
-2.3566417830e+02 1.8524429597e+03
-3.0479423245e+02 2.1429556705e+03
5.3436633973e+02 1.9807681510e+03
-5.4109547107e+02 1.8836358308e+03
-8.0226873413e+02 1.8909555611e+03
-1.3131053467e+01 2.4516913574e+03
-3.5525712178e+02 2.0358128939e+03
-7.5983789693e+02 2.0466958657e+03
-5.5838995720e+02 2.0085302042e+03
