3
0.010173545 0.008061297 0.000071176 0.000000005 0.000000000 0.000000000 0.000000000 0.000000000 
0.049923308 0.011576230 0.000286853 0.000000086 0.000000000 0.000000000 0.000000000 0.000000000 
0.008325376 0.003234684 0.000111173 0.000000057 0.000000000 0.000000000 0.000000000 0.000000000 
0.000001122 0.000006695 0.000001147 0.000000014 0.000000000 0.000000000 0.000000000 0.000000000 
0.000000001 0.000000010 0.000000002 0.000000000 0.000000000 0.000000000 0.000000000 0.000000000 
0.000000000 0.000000000 0.000000000 0.000000000 0.000000000 0.000000000 0.000000000 0.000000000 
0.000000000 0.000000000 0.000000000 0.000000000 0.000000000 0.000000000 0.000000000 0.000000000 
0.000000000 0.000000000 0.000000000 0.000000000 0.000000000 0.000000000 0.000000000 0.000000000 

0.151551366 0.037032757 0.000578809 0.000000157 0.000000000 0.000000000 0.000000000 0.000000000 
0.220830068 0.079211451 0.004078905 0.000003491 0.000000000 0.000000000 0.000000000 0.000000000 
0.043537907 0.032561399 0.003424769 0.000038596 0.000000005 0.000000000 0.000000000 0.000000000 
0.000055361 0.001154293 0.000722821 0.000020036 0.000000013 0.000000000 0.000000000 0.000000000 
0.000000528 0.000005797 0.000002332 0.000000079 0.000000001 0.000000000 0.000000000 0.000000000 
0.000000004 0.000000043 0.000000008 0.000000010 0.000000012 0.000000005 0.000000001 0.000000000 
0.000000000 0.000000000 0.000000004 0.000000010 0.000000007 0.000000003 0.000000001 0.000000000 
0.000000000 0.000000000 0.000000000 0.000000000 0.000000000 0.000000000 0.000000000 0.000000000 

3.274759293 0.654960930 0.008405427 0.000003377 0.000000000 0.000000000 0.000000000 0.000000000 
1.644160986 0.835298657 0.060575299 0.000350596 0.000000010 0.000000000 0.000000000 0.000000000 
0.231627420 0.351383209 0.145631805 0.002546478 0.000002511 0.000000000 0.000000000 0.000000000 
0.004106382 0.034682225 0.018236915 0.001621840 0.000013405 0.000000002 0.000000000 0.000000000 
0.000088520 0.000403491 0.000390340 0.000157869 0.000002953 0.000000565 0.000000124 0.000000014 
0.000000577 0.000003328 0.000002981 0.000017145 0.000013497 0.000004980 0.000001037 0.000000119 
0.000000000 0.000000058 0.000003934 0.000011018 0.000006971 0.000002475 0.000000511 0.000000059 
0.000000000 0.000000000 0.000000015 0.000000077 0.000000056 0.000000020 0.000000004 0.000000000 

2.531913757 1.064420819 0.067169458 0.000155406 0.000000012 0.000000000 0.000000000 0.000000000 
3.160288572 4.571735382 0.694898903 0.016055340 0.000000969 0.000000000 0.000000000 0.000000000 
0.991550148 3.679601431 1.504521251 0.047330104 0.000200015 0.000000013 0.000000000 0.000000000 
0.112868875 0.443165421 0.420206964 0.076294675 0.002373459 0.000001721 0.000000121 0.000000014 
0.003733609 0.007909709 0.019486018 0.007672932 0.000431401 0.000170446 0.000047919 0.000005665 
0.000025526 0.000066699 0.000249669 0.002128431 0.002658762 0.001446905 0.000374374 0.000046167 
0.000000015 0.000003226 0.000221807 0.002597840 0.002508301 0.000883347 0.000162075 0.000018069 
0.000000000 0.000000004 0.000000292 0.000005722 0.000015787 0.000006301 0.000001011 0.000000109 

0.396465927 0.298540473 0.118763529 0.001852904 0.000000725 0.000000000 0.000000000 0.000000000 
1.836336374 7.335236549 1.464359999 0.041060872 0.000026989 0.000000000 0.000000000 0.000000000 
3.110191822 9.604086876 6.635981083 1.370251775 0.012165780 0.000000849 0.000000000 0.000000000 
0.728099763 2.543336868 5.636101246 1.713556051 0.046709817 0.000330825 0.000020260 0.000002372 
0.050399866 0.089238390 0.298994660 0.193385661 0.036604960 0.007596123 0.004537834 0.000859051 
0.000228411 0.000595834 0.008019364 0.034839619 0.035032723 0.029318774 0.016591636 0.003702125 
0.000000161 0.000030857 0.002025450 0.037501819 0.080332540 0.020368569 0.001973573 0.000198764 
0.000000000 0.000000033 0.000002135 0.000047760 0.000271066 0.000078607 0.000006704 0.000000665 

0.033764657 0.072232701 0.087235212 0.000884911 0.000000201 0.000000000 0.000000000 0.000000000 
0.929375768 4.156791687 1.034009099 0.022390472 0.000015426 0.000000000 0.000000000 0.000000000 
3.290841103 10.152490616 7.916054726 2.693449736 0.019671533 0.000006829 0.000000020 0.000000003 
2.045059681 8.009369850 17.693948746 12.576551437 0.800081670 0.016542427 0.001370200 0.000178227 
0.221088275 1.295770884 5.054704189 6.414905071 1.222246528 0.125666827 0.090905033 0.038367923 
0.000514266 0.010696083 0.147165582 0.563258111 0.383710235 0.276962191 0.118914843 0.019945040 
0.000000572 0.000108725 0.006972051 0.108331755 0.157559976 0.045565762 0.004850803 0.000499426 
0.000000001 0.000000109 0.000007211 0.000178349 0.001323862 0.000882994 0.000152916 0.000017709 

0.002300258 0.010586625 0.013033282 0.000086294 0.000001263 0.000000195 0.000000012 0.000000000 
0.176787704 1.213593125 0.648549318 0.011504064 0.000032916 0.000004021 0.000000243 0.000000005 
1.819310308 13.880568504 6.557082176 0.553238332 0.005932700 0.000042441 0.000002095 0.000000072 
3.161633968 17.816911697 30.318883896 18.219665527 2.168650627 0.047941703 0.014051510 0.003968163 
0.275665671 4.098148823 20.984636307 47.780986786 20.687667847 2.233962059 1.336608052 0.600333810 
0.001856938 0.107378393 1.509372354 9.928279877 4.750027180 1.476713419 0.397360444 0.055465389 
0.000126289 0.000857958 0.019465206 0.404501796 0.604858756 0.458638579 0.120627411 0.014451583 
0.000021917 0.000115388 0.000309729 0.014558044 0.313078016 0.343835592 0.023992766 0.000781442 

0.000067723 0.000732126 0.006328680 0.005357654 0.002078254 0.000327094 0.000019869 0.000000445 
0.026456432 0.420976311 0.427614123 0.114775270 0.042980012 0.006765168 0.000411134 0.000009290 
1.073012590 10.260037422 4.328548431 1.036726236 0.380395740 0.059779156 0.003624472 0.000081272 
2.137621880 10.417165756 10.955479622 6.997180462 1.813359022 0.252272725 0.029151537 0.007407132 
0.704731584 5.576054573 19.519613266 31.417926788 26.377437592 7.741730690 3.815056324 1.621006131 
0.537329137 2.947278976 7.436665535 24.887521744 23.892843246 6.410124779 2.237138033 0.418152869 
0.210771903 1.109456897 2.420533895 4.125260830 6.510703564 8.219982147 2.633771181 0.485977799 
0.036832899 0.193552986 0.416509360 0.545127213 5.201958179 4.299692154 0.673374236 0.215329751 

