PB210031.jpg 1106 837 1229 949
PB210045.jpg 1101 817 1213 937
PB210048.jpg 1106 757 1217 878
PB210048.jpg 1240 754 1338 859
PB210053.jpg 1049 623 1081 654
PB210057.jpg 1117 813 1190 888
PB210060.jpg 1120 832 1174 898
PB210062.jpg 1111 808 1188 883
PB210066.jpg 1056 705 1106 759
PB210070.jpg 1045 805 1283 951
P1190095.jpg 1008 705 1265 959
P1190098.jpg 1033 713 1254 942
PB190091.jpg 965 640 1245 927
PB190091.jpg 1267 647 1540 917
PB190092.jpg 1045 635 1370 949
PB190094.jpg 1147 888 1397 1139
PB190094.jpg 1410 890 1651 1134
