14.712 28.8568 0 0 0 0.687881 0.725824
13.7351 26.3747 0 0 0 0.958648 -0.284596
14.7094 26.4037 0 0 0 -0.402738 0.915315
14.817 21.9451 0 0 0 0.999904 -0.0138525
17.4733 22.2097 0 0 0 -0.769579 0.638551
18.7523 22.0443 0 0 0 -0.581554 0.813508
18.4587 24.7287 0 0 0 0.170828 0.985301
19.083 29.1595 0 0 0 0.868166 -0.496275
19.4094 28.784 0 0 0 0.779019 0.627
19.9327 28.9076 0 0 0 0.196776 0.980449
21.3307 23.8078 0 0 0 0.0702943 0.997526
28.1491 30.4409 0 0 0 0.133368 0.991067
33.8188 32.1045 0 0 0 0.135922 0.99072
34.0202 32.178 0 0 0 0.987388 -0.158318
33.873 33.1724 0 0 0 0.994709 0.102734
27.1728 35.073 0 0 0 0.948305 0.31736
27.2953 34.8566 0 0 0 -0.148328 0.988938
